1 0.082
2 0.129
3 0.154
4 0.162
5 0.123
6 0.136
7 0.126
8 0.101
9 0.078
10 0.257
11 0.127
12 0.088
13 0.083
14 0.128
15 0.087
16 0.231
17 0.101
18 0.161
19 0.156
20 0.133
21 0.089
22 0.179
23 0.143
24 0.065
25 0.107
26 0.098
27 0.085
28 0.131
29 0.194
30 0.117
31 0.148
32 0.137
33 0.095
34 0.083
35 0.120
36 0.086
37 0.111
38 0.076
39 0.102
40 0.131
41 0.050
42 0.117
43 0.217
44 0.109
45 0.063
46 0.125
47 0.122
48 0.194
49 0.101
50 0.139
51 0.273
52 0.107
53 0.112
54 0.127
55 0.070
56 0.135
57 0.113
58 0.156
59 0.113
60 0.131
61 0.136
62 0.135
63 0.070
64 0.106
65 0.104
66 0.080
67 0.132
68 0.122
69 0.129
70 0.101
71 0.152
72 0.124
73 0.105
74 0.149
75 0.114
76 0.115
77 0.207
78 0.090
79 0.100
80 0.087
81 0.075
82 0.088
83 0.094
84 0.078
85 0.087
86 0.058
87 0.081
88 0.143
89 0.076
90 0.065
91 0.094
92 0.127
93 0.130
94 0.117
95 0.132
96 0.149
97 0.117
98 0.074
99 0.086
100 0.127
101 0.141
102 0.115
103 0.127
104 0.074
105 0.239
106 0.129
107 0.108
108 0.073
109 0.072
110 0.061
111 0.112
112 0.068
113 0.093
114 0.099
115 0.071
116 0.065
117 0.113
118 0.090
119 0.085
120 0.074
121 0.072
122 0.081
123 0.059
124 0.142
125 0.084
126 0.147
127 0.112
128 0.133
129 0.133
130 0.098
131 0.078
132 0.124
133 0.146
134 0.123
135 0.128
136 0.098
137 0.122
138 0.071
139 0.097
140 0.174
141 0.129
142 0.274
143 0.061
144 0.162
145 0.111
146 0.056
147 0.135
148 0.105
149 0.124
150 0.275
151 0.141
152 0.127
153 0.113
154 0.113
155 0.181
156 0.081
157 0.085
158 0.070
159 0.074
160 0.080
161 0.075
162 0.083
163 0.123
164 0.088
165 0.069
166 0.107
167 0.090
168 0.123
169 0.077
170 0.073
171 0.045
172 0.082
173 0.065
174 0.066
175 0.076
176 0.078
177 0.079
178 0.070
179 0.115
180 0.173
181 0.139
182 0.071
183 0.064
184 0.125
185 0.127
186 0.056
187 0.083
188 0.109
189 0.114
190 0.163
191 0.084
192 0.136
193 0.103
194 0.094
195 0.131
196 0.080
197 0.144
198 0.133
199 0.071
200 0.083
201 0.077
202 0.137
203 0.136
204 0.093
205 0.161
206 0.107
207 0.103
208 0.093
209 0.179
210 0.114
211 0.104
212 0.078
213 0.064
214 0.068
215 0.063
216 0.051
217 0.071
218 0.047
219 0.082
220 0.073
221 0.070
222 0.078
223 0.099
224 0.064
225 0.157
226 0.166
227 0.077
228 0.139
229 0.067
230 0.060
231 0.131
232 0.098
233 0.077
234 0.201
235 0.126
236 0.146
237 0.094
238 0.144
239 0.192
240 0.131
241 0.125
242 0.120
243 0.174
244 0.119
245 0.239
246 0.097
247 0.117
248 0.079
249 0.118
250 0.104
251 0.121
252 0.102
253 0.109
254 0.124
255 0.125
256 0.126
257 0.102
258 0.084
259 0.145
260 0.066
261 0.073
262 0.145
263 0.084
264 0.074
265 0.203
266 0.108
267 0.193
268 0.126
269 0.062
270 0.071
271 0.113
272 0.161
273 0.123
274 0.113
275 0.081
276 0.183
277 0.114
278 0.102
279 0.100
280 0.047
281 0.053
282 0.067
283 0.060
284 0.051
285 0.064
286 0.064
287 0.064
288 0.059
289 0.059
290 0.058
291 0.072
292 0.068
293 0.070
294 0.055
295 0.050
296 0.057
297 0.081
298 0.032
299 0.068
300 0.083
301 0.063
302 0.084
303 0.064
304 0.061
305 0.060
306 0.048
307 0.082
308 0.057
309 0.066
310 0.073
311 0.053
312 0.062
313 0.060
314 0.050
315 0.088
316 0.070
317 0.071
318 0.063
319 0.053
320 0.046
321 0.059
322 0.076
323 0.069
324 0.068
325 0.064
326 0.068
327 0.067
328 0.097
329 0.063
330 0.061
331 0.053
332 0.041
333 0.083
334 0.049
335 0.077
336 0.060
337 0.056
338 0.064
339 0.060
340 0.069
341 0.055
342 0.055
343 0.076
344 0.069
345 0.064
346 0.048
347 0.047
348 0.062
349 0.057
350 0.047
351 0.054
352 0.058
353 0.038
354 0.061
355 0.062
356 0.056
357 0.080
358 0.066
359 0.054
360 0.081
361 0.057
362 0.056
363 0.051
364 0.055
365 0.049
366 0.087
367 0.050
368 0.066
369 0.070
370 0.068
371 0.076
372 0.077
373 0.072
374 0.066
375 0.055
376 0.069
377 0.057
378 0.065
379 0.070
380 0.044
381 0.053
382 0.060
383 0.064
384 0.071
385 0.049
386 0.034
387 0.059
388 0.051
389 0.040
390 0.076
391 0.072
392 0.063
393 0.106
394 0.064
395 0.053
396 0.058
397 0.052
398 0.060
399 0.087
400 0.070
401 0.073
402 0.065
403 0.051
404 0.077
405 0.051
406 0.078
407 0.049
408 0.073
409 0.065
410 0.086
411 0.106
412 0.076
413 0.056
414 0.051
415 0.074
416 0.057
417 0.064
418 0.056
419 0.060
420 0.062
421 0.116
422 0.063
423 0.106
424 0.066
425 0.056
426 0.117
427 0.069
428 0.065
429 0.084
430 0.054
431 0.133
432 0.070
433 0.064
434 0.071
435 0.069
436 0.050
437 0.056
438 0.063
439 0.068
440 0.056
441 0.065
442 0.075
443 0.062
444 0.051
445 0.068
446 0.065
447 0.051
448 0.047
449 0.113
450 0.051
451 0.054
452 0.059
453 0.062
454 0.064
455 0.074
456 0.056
457 0.055
458 0.071
459 0.068
460 0.062
461 0.058
462 0.065
463 0.058
464 0.060
465 0.095
466 0.060
467 0.072
468 0.083
469 0.056
470 0.086
471 0.126
472 0.075
473 0.099
474 0.078
475 0.127
476 0.175
477 0.083
478 0.086
479 0.109
480 0.080
481 0.045
482 0.108
483 0.125
484 0.099
485 0.075
486 0.107
487 0.104
488 0.102
489 0.085
490 0.074
491 0.103
492 0.131
493 0.069
494 0.109
495 0.065
496 0.098
497 0.094
498 0.118
499 0.127
500 0.072
501 0.098
502 0.074
503 0.072
504 0.097
505 0.109
506 0.130
507 0.065
508 0.192
509 0.122
510 0.077
511 0.113
512 0.106
513 0.077
514 0.146
515 0.084
516 0.091
517 0.127
518 0.101
519 0.095
520 0.080
521 0.122
522 0.162
523 0.113
524 0.175
525 0.073
526 0.071
527 0.074
528 0.082
529 0.103
530 0.079
531 0.074
532 0.077
533 0.091
534 0.128
535 0.093
536 0.104
537 0.119
538 0.127
539 0.074
540 0.093
541 0.066
542 0.063
543 0.076
544 0.058
545 0.193
546 0.117
547 0.115
548 0.102
549 0.097
550 0.115
551 0.080
552 0.065
553 0.155
554 0.136
555 0.066
556 0.060
557 0.143
558 0.101
559 0.127
560 0.114
561 0.099
562 0.173
563 0.077
564 0.081
565 0.164
566 0.182
567 0.137
568 0.081
569 0.125
570 0.074
571 0.122
572 0.209
573 0.133
574 0.118
575 0.107
576 0.088
577 0.084
578 0.119
579 0.141
580 0.075
581 0.068
582 0.117
583 0.123
584 0.113
585 0.113
586 0.183
587 0.083
588 0.055
589 0.129
590 0.122
591 0.167
592 0.128
593 0.208
594 0.131
595 0.196
596 0.053
597 0.114
598 0.130
599 0.087
600 0.059
601 0.079
602 0.097
603 0.123
604 0.105
605 0.106
606 0.135
607 0.097
608 0.153
609 0.150
610 0.101
611 0.100
612 0.128
613 0.076
614 0.060
615 0.141
616 0.120
617 0.112
618 0.088
619 0.120
620 0.086
621 0.083
622 0.189
623 0.078
624 0.098
625 0.153
626 0.112
627 0.092
628 0.101
629 0.060
630 0.134
631 0.067
632 0.080
633 0.129
634 0.146
635 0.101
636 0.098
637 0.076
638 0.117
639 0.183
640 0.117
641 0.121
642 0.196
643 0.127
644 0.109
645 0.122
646 0.104
647 0.136
648 0.136
649 0.131
650 0.091
651 0.121
652 0.056
653 0.061
654 0.069
655 0.069
656 0.088
657 0.053
658 0.047
659 0.073
660 0.077
661 0.066
662 0.059
663 0.065
664 0.056
665 0.075
666 0.075
667 0.069
668 0.060
669 0.079
670 0.068
671 0.066
672 0.051
673 0.062
674 0.057
675 0.061
676 0.106
677 0.067
678 0.079
679 0.060
680 0.051
681 0.059
682 0.069
683 0.064
684 0.055
685 0.074
686 0.061
687 0.062
688 0.083
689 0.064
690 0.058
691 0.061
692 0.054
693 0.061
694 0.061
695 0.067
696 0.062
697 0.038
698 0.061
699 0.054
700 0.084
701 0.046
702 0.063
703 0.085
704 0.064
705 0.080
706 0.078
707 0.054
708 0.064
709 0.083
710 0.075
711 0.079
712 0.065
713 0.048
714 0.069
715 0.107
716 0.112
717 0.120
718 0.105
719 0.072
720 0.121
721 0.142
722 0.072
723 0.082
724 0.107
725 0.103
726 0.094
727 0.130
728 0.110
729 0.129
730 0.121
731 0.109
732 0.064
733 0.141
734 0.107
735 0.087
736 0.102
737 0.175
738 0.078
739 0.117
740 0.149
741 0.136
742 0.150
743 0.119
744 0.106
745 0.099
746 0.117
747 0.115
748 0.135
749 0.211
750 0.274
751 0.108
752 0.109
753 0.103
754 0.126
755 0.106
756 0.097
757 0.075
758 0.093
759 0.128
760 0.175
761 0.202
762 0.071
763 0.071
764 0.137
765 0.099
766 0.131
767 0.104
768 0.075
769 0.106
770 0.125
771 0.142
772 0.115
773 0.082
774 0.169
775 0.118
776 0.102
777 0.098
778 0.118
779 0.117
780 0.288
781 0.155
782 0.178
783 0.182
784 0.101
785 0.140
786 0.127
787 0.114
788 0.129
789 0.108
790 0.113
791 0.115
792 0.097
793 0.099
794 0.074
795 0.081
796 0.099
797 0.097
798 0.145
799 0.091
800 0.109
801 0.112
802 0.120
803 0.094
804 0.073
805 0.176
806 0.103
807 0.093
808 0.112
809 0.085
810 0.099
811 0.113
812 0.104
813 0.100
814 0.110
815 0.109
816 0.113
817 0.097
818 0.197
819 0.202
820 0.095
821 0.080
822 0.152
823 0.143
824 0.193
825 0.103
826 0.104
827 0.126
828 0.106
829 0.123
830 0.101
831 0.114
832 0.138
833 0.068
834 0.156
835 0.148
836 0.101
837 0.127
838 0.158
839 0.206
840 0.163
841 0.116
842 0.151
843 0.145
844 0.102
845 0.073
846 0.127
847 0.123
848 0.179
849 0.099
850 0.113
851 0.118
852 0.197
853 0.128
854 0.140
855 0.118
856 0.087
857 0.158
858 0.124
859 0.119
860 0.159
861 0.110
862 0.144
863 0.108
864 0.272
865 0.074
866 0.084
867 0.117
868 0.124
869 0.118
870 0.115
871 0.140
872 0.134
873 0.128
874 0.107
875 0.121
876 0.120
877 0.077
878 0.113
879 0.085
880 0.102
881 0.277
882 0.159
883 0.131
884 0.140
885 0.070
886 0.065
887 0.192
888 0.095
889 0.109
890 0.112
891 0.102
892 0.128
893 0.113
894 0.159
895 0.124
896 0.095
897 0.238
898 0.125
899 0.106
900 0.106
901 0.165
902 0.124
903 0.095
904 0.119
905 0.143
906 0.144
907 0.106
908 0.091
909 0.109
910 0.127
911 0.148
912 0.165
913 0.099
914 0.107
915 0.160
916 0.103
917 0.133
918 0.103
919 0.122
920 0.124
921 0.121
922 0.200
923 0.086
924 0.085
925 0.110
926 0.130
927 0.126
928 0.060
929 0.096
930 0.126
931 0.102
932 0.080
933 0.104
934 0.119
935 0.162
936 0.104
937 0.124
938 0.121
939 0.214
940 0.149
941 0.104
942 0.119
943 0.101
944 0.104
945 0.163
946 0.125
947 0.099
948 0.124
949 0.099
950 0.182
951 0.089
952 0.137
953 0.099
954 0.074
955 0.100
956 0.097
957 0.112
958 0.158
959 0.102
960 0.178
961 0.099
962 0.108
963 0.108
964 0.124
965 0.316
966 0.106
967 0.101
968 0.118
969 0.104
970 0.110
971 0.122
972 0.108
973 0.085
974 0.241
975 0.122
976 0.156
977 0.209
978 0.213
979 0.099
980 0.112
981 0.167
982 0.135
983 0.230
984 0.137
985 0.100
986 0.115
987 0.166
988 0.132
989 0.147
990 0.107
991 0.120
992 0.088
993 0.100
994 0.081
995 0.132
996 0.115
997 0.250
998 0.116
999 0.111
1000 0.099
1001 0.129
1002 0.098
1003 0.127
1004 0.287
1005 0.135
1006 0.133
1007 0.116
1008 0.194
1009 0.104
1010 0.138
1011 0.101
1012 0.115
1013 0.181
1014 0.118
1015 0.100
1016 0.091
1017 0.113
1018 0.164
1019 0.257
1020 0.096
1021 0.153
1022 0.108
1023 0.143
1024 0.137
1025 0.112
1026 0.125
1027 0.126
1028 0.138
1029 0.177
1030 0.108
1031 0.133
1032 0.103
1033 0.088
1034 0.156
1035 0.072
1036 0.107
1037 0.110
1038 0.092
1039 0.112
1040 0.145
1041 0.128
1042 0.131
1043 0.106
1044 0.146
1045 0.108
1046 0.202
1047 0.190
1048 0.237
1049 0.100
1050 0.230
1051 0.155
1052 0.121
1053 0.118
1054 0.100
1055 0.135
1056 0.240
1057 0.127
1058 0.114
1059 0.114
1060 0.239
1061 0.119
1062 0.164
1063 0.140
1064 0.139
1065 0.116
1066 0.137
1067 0.164
1068 0.145
1069 0.127
1070 0.082
1071 0.090
1072 0.204
1073 0.155
1074 0.150
1075 0.146
1076 0.178
1077 0.113
1078 0.176
1079 0.116
1080 0.146
1081 0.134
1082 0.197
1083 0.172
1084 0.133
1085 0.156
1086 0.126
1087 0.132
1088 0.060
1089 0.112
1090 0.075
1091 0.152
1092 0.137
1093 0.105
1094 0.141
1095 0.127
1096 0.154
1097 0.158
1098 0.176
1099 0.125
1100 0.168
1101 0.153
1102 0.124
1103 0.189
1104 0.160
1105 0.138
1106 0.085
1107 0.141
1108 0.127
1109 0.125
1110 0.124
1111 0.126
1112 0.107
1113 0.103
1114 0.106
1115 0.129
1116 0.102
1117 0.109
1118 0.172
1119 0.136
1120 0.135
1121 0.107
1122 0.132
1123 0.116
1124 0.092
1125 0.078
1126 0.041
1127 0.064
1128 0.061
1129 0.050
1130 0.065
1131 0.056
1132 0.071
1133 0.055
1134 0.060
1135 0.050
1136 0.033
1137 0.060
1138 0.068
1139 0.055
1140 0.064
1141 0.060
1142 0.066
1143 0.052
1144 0.062
1145 0.066
1146 0.054
1147 0.057
1148 0.065
1149 0.070
1150 0.065
1151 0.033
1152 0.042
1153 0.058
1154 0.058
1155 0.055
1156 0.053
1157 0.050
1158 0.060
1159 0.049
1160 0.143
1161 0.049
1162 0.064
1163 0.059
1164 0.048
1165 0.074
1166 0.057
1167 0.056
1168 0.056
1169 0.057
1170 0.058
1171 0.049
1172 0.047
1173 0.057
1174 0.067
1175 0.047
1176 0.050
1177 0.055
1178 0.061
1179 0.086
1180 0.059
1181 0.049
1182 0.040
1183 0.065
1184 0.051
1185 0.051
1186 0.057
1187 0.065
1188 0.097
1189 0.054
1190 0.059
1191 0.065
1192 0.064
1193 0.067
1194 0.053
1195 0.063
1196 0.049
1197 0.061
1198 0.090
1199 0.070
1200 0.078
1201 0.058
1202 0.060
1203 0.047
1204 0.055
1205 0.099
1206 0.067
1207 0.071
1208 0.067
1209 0.055
1210 0.053
1211 0.060
1212 0.048
1213 0.057
1214 0.056
1215 0.070
1216 0.061
1217 0.061
1218 0.077
1219 0.048
1220 0.064
1221 0.058
1222 0.059
1223 0.056
1224 0.098
1225 0.076
1226 0.080
1227 0.063
1228 0.087
1229 0.057
1230 0.069
1231 0.065
1232 0.063
1233 0.203
1234 0.056
1235 0.038
1236 0.055
1237 0.043
1238 0.049
1239 0.070
1240 0.055
1241 0.089
1242 0.068
1243 0.057
1244 0.044
1245 0.081
1246 0.079
1247 0.050
1248 0.051
1249 0.058
1250 0.061
1251 0.042
1252 0.106
1253 0.055
1254 0.057
1255 0.070
1256 0.037
1257 0.076
1258 0.055
1259 0.065
1260 0.054
1261 0.060
1262 0.050
1263 0.092
1264 0.045
1265 0.066
1266 0.056
1267 0.067
1268 0.055
1269 0.064
1270 0.063
1271 0.080
1272 0.071
1273 0.056
1274 0.062
1275 0.204
1276 0.049
1277 0.096
1278 0.057
1279 0.036
1280 0.062
1281 0.063
1282 0.055
1283 0.057
1284 0.058
1285 0.062
1286 0.053
1287 0.059
1288 0.061
1289 0.076
1290 0.062
1291 0.056
1292 0.060
1293 0.049
1294 0.057
1295 0.052
1296 0.059
1297 0.084
1298 0.046
1299 0.062
1300 0.095
1301 0.052
1302 0.063
1303 0.046
1304 0.060
1305 0.052
1306 0.063
1307 0.089
1308 0.055
1309 0.046
1310 0.073
1311 0.056
1312 0.068
1313 0.077
1314 0.068
1315 0.056
1316 0.078
1317 0.061
1318 0.072
1319 0.057
1320 0.073
1321 0.081
1322 0.060
1323 0.055
1324 0.051
1325 0.096
1326 0.050
1327 0.059
1328 0.132
1329 0.050
1330 0.098
1331 0.075
1332 0.055
1333 0.052
1334 0.049
1335 0.066
1336 0.105
1337 0.064
1338 0.058
1339 0.092
1340 0.052
1341 0.078
1342 0.042
1343 0.061
1344 0.072
1345 0.063
1346 0.057
1347 0.051
1348 0.067
1349 0.049
1350 0.072
1351 0.053
1352 0.140
1353 0.047
1354 0.044
1355 0.105
1356 0.044
1357 0.062
1358 0.071
1359 0.064
1360 0.058
1361 0.058
1362 0.080
1363 0.069
1364 0.092
1365 0.079
1366 0.154
1367 0.045
1368 0.078
1369 0.054
1370 0.068
1371 0.115
1372 0.055
1373 0.064
1374 0.056
1375 0.063
1376 0.059
1377 0.050
1378 0.056
1379 0.055
1380 0.057
1381 0.059
1382 0.062
1383 0.076
1384 0.064
1385 0.076
1386 0.063
1387 0.052
1388 0.075
1389 0.055
1390 0.063
1391 0.057
1392 0.064
1393 0.065
1394 0.057
1395 0.050
1396 0.071
1397 0.064
1398 0.066
1399 0.061
1400 0.058
1401 0.050
1402 0.057
1403 0.072
1404 0.058
1405 0.071
1406 0.047
1407 0.055
1408 0.063
1409 0.088
1410 0.062
1411 0.079
1412 0.065
1413 0.077
1414 0.062
1415 0.062
1416 0.056
1417 0.050
1418 0.064
1419 0.093
1420 0.084
1421 0.066
1422 0.053
1423 0.084
1424 0.049
1425 0.062
1426 0.061
1427 0.078
1428 0.066
1429 0.047
1430 0.086
1431 0.052
1432 0.055
1433 0.078
1434 0.049
1435 0.060
1436 0.091
1437 0.055
1438 0.034
1439 0.051
1440 0.055
1441 0.053
1442 0.060
1443 0.037
1444 0.050
1445 0.061
1446 0.105
1447 0.079
1448 0.068
1449 0.056
1450 0.056
1451 0.087
1452 0.101
1453 0.063
1454 0.054
1455 0.049
1456 0.059
1457 0.090
1458 2.43
1459 0.124
1460 0.053
1461 0.060
1462 0.070
1463 0.138
1464 0.074
1465 0.052
1466 0.066
1467 0.049
1468 0.061
1469 0.058
1470 0.067
1471 0.064
1472 0.072
1473 0.049
1474 0.043
1475 0.065
1476 0.054
1477 0.057
1478 0.060
1479 0.087
1480 0.095
1481 0.070
1482 0.061
1483 0.100
1484 0.062
1485 0.058
1486 0.062
1487 0.054
1488 0.065
1489 0.051
1490 0.048
1491 0.062
1492 0.057
1493 0.117
1494 0.101
1495 0.062
1496 0.054
1497 0.055
1498 0.066
1499 0.065
1500 0.049
1501 0.054
1502 0.067
1503 0.075
1504 0.050
1505 0.115
1506 0.089
1507 0.049
1508 0.061
1509 0.052
1510 0.050
1511 0.054
1512 0.068
1513 0.063
1514 0.045
1515 0.109
1516 0.093
1517 0.054
1518 0.058
1519 0.052
1520 0.053
1521 0.055
1522 0.048
1523 0.050
1524 0.040
1525 0.031
1526 0.057
1527 0.056
1528 0.065
1529 0.048
1530 0.069
1531 0.057
1532 0.063
1533 0.059
1534 0.056
1535 0.063
1536 0.059
1537 0.048
1538 0.063
1539 0.050
1540 0.100
1541 0.062
1542 0.063
1543 0.076
1544 0.056
1545 0.069
1546 0.057
1547 0.053
1548 0.052
1549 0.143
1550 0.057
1551 0.072
1552 0.070
1553 0.065
1554 0.043
1555 0.050
1556 0.156
1557 0.065
1558 0.053
1559 0.058
1560 0.068
1561 0.073
1562 0.051
1563 0.045
1564 0.084
1565 0.051
1566 0.047
1567 0.068
1568 0.046
1569 0.522
1570 0.059
1571 0.069
1572 0.039
1573 0.049
1574 0.059
1575 0.057
1576 0.054
1577 0.057
1578 0.103
1579 0.054
1580 0.066
1581 0.058
1582 0.050
1583 0.091
1584 0.050
1585 0.065
1586 0.069
1587 0.054
1588 0.055
1589 0.087
1590 0.057
1591 0.056
1592 0.041
1593 0.095
1594 0.058
1595 0.051
1596 0.082
1597 0.068
1598 0.068
1599 0.051
1600 0.084
1601 0.056
1602 0.049
1603 0.058
1604 0.078
1605 0.064
1606 0.065
1607 0.052
1608 0.040
1609 0.055
1610 0.061
1611 0.064
1612 0.048
1613 0.076
1614 0.044
1615 0.056
1616 0.055
1617 0.076
1618 0.065
1619 0.041
1620 0.056
1621 0.105
1622 0.064
1623 0.080
1624 0.077
1625 0.066
1626 0.059
1627 0.066
1628 0.051
1629 0.052
1630 0.064
1631 0.061
1632 0.058
1633 0.057
1634 0.088
1635 0.063
1636 0.075
1637 0.056
1638 0.080
1639 0.063
1640 0.051
1641 0.071
1642 0.062
1643 0.048
1644 0.060
1645 0.050
1646 0.051
1647 0.058
1648 0.051
1649 0.060
1650 0.061
1651 0.073
1652 0.055
1653 0.058
1654 0.111
1655 0.076
1656 0.062
1657 0.048
1658 0.062
1659 0.062
1660 0.064
1661 0.054
1662 0.067
1663 0.071
1664 0.085
1665 0.065
1666 0.057
1667 0.062
1668 0.084
1669 0.075
1670 0.061
1671 0.048
1672 0.067
1673 0.052
1674 0.073
1675 0.091
1676 0.063
1677 0.109
1678 0.054
1679 0.066
1680 0.073
1681 0.100
1682 0.067
1683 0.064
1684 0.065
1685 0.072
1686 0.066
1687 0.058
1688 0.060
1689 0.051
1690 0.055
1691 0.066
1692 0.068
1693 0.071
1694 0.051
1695 0.063
1696 0.037
1697 0.071
1698 0.050
1699 0.064
1700 0.048
1701 0.051
1702 0.056
1703 0.059
1704 0.062
1705 0.069
1706 0.053
1707 0.059
1708 0.033
1709 0.059
1710 0.054
1711 0.073
1712 0.049
1713 0.060
1714 0.085
1715 0.053
1716 0.059
1717 0.065
1718 0.063
1719 0.060
1720 0.047
1721 0.057
1722 0.070
1723 0.067
1724 0.078
1725 0.064
1726 0.058
1727 0.067
1728 0.055
1729 0.049
1730 0.054
1731 0.045
1732 0.061
1733 0.056
1734 0.061
1735 0.087
1736 0.058
1737 0.074
1738 0.059
1739 0.079
1740 0.051
1741 0.066
1742 0.076
1743 0.068
1744 0.099
1745 0.105
1746 0.051
1747 0.071
1748 0.067
1749 0.087
1750 0.058
1751 0.060
1752 0.057
1753 0.068
1754 0.057
1755 0.059
1756 0.077
1757 0.059
1758 0.051
1759 0.050
1760 0.074
1761 0.057
1762 0.067
1763 0.044
1764 0.069
1765 0.049
1766 0.049
1767 0.051
1768 0.055
1769 0.057
1770 0.091
1771 0.049
1772 0.071
1773 0.081
1774 0.056
1775 0.071
1776 0.058
1777 0.063
1778 0.046
1779 0.060
1780 0.083
1781 0.061
1782 0.051
1783 0.073
1784 0.054
1785 0.084
1786 0.066
1787 0.142
1788 0.057
1789 0.073
1790 0.058
1791 0.057
1792 0.078
1793 0.054
1794 0.086
1795 0.068
1796 0.051
1797 0.093
1798 0.082
1799 0.056
1800 0.054
1801 0.065
1802 0.049
1803 0.071
1804 0.069
1805 0.056
1806 0.083
1807 0.077
1808 0.115
1809 0.051
1810 0.063
1811 0.062
1812 0.072
1813 0.075
1814 0.048
1815 0.057
1816 0.050
1817 0.051
1818 0.077
1819 0.053
1820 0.052
1821 0.054
1822 0.050
1823 0.037
1824 0.056
1825 0.061
1826 0.059
1827 0.055
1828 0.075
1829 0.064
1830 0.058
1831 0.079
1832 0.070
1833 0.062
1834 0.061
1835 0.130
1836 0.049
1837 0.053
1838 0.071
1839 0.063
1840 0.055
1841 0.055
1842 0.050
1843 0.067
1844 0.059
1845 0.059
1846 0.069
1847 0.050
1848 0.059
1849 0.058
1850 0.050
1851 0.212
1852 0.059
1853 0.061
1854 0.053
1855 0.054
1856 0.057
1857 0.057
1858 0.062
1859 0.049
1860 0.059
1861 0.048
1862 0.081
1863 0.085
1864 0.056
1865 0.052
1866 0.070
1867 0.064
1868 0.069
1869 0.049
1870 0.051
1871 0.060
1872 0.029
1873 0.056
1874 0.053
1875 0.065
1876 0.053
1877 0.070
1878 0.076
1879 0.055
1880 0.052
1881 0.059
1882 0.067
1883 0.095
1884 0.049
1885 0.034
1886 0.059
1887 0.040
1888 0.057
1889 0.065
1890 0.066
1891 0.076
1892 0.077
1893 0.082
1894 0.063
1895 0.051
1896 0.069
1897 0.054
1898 0.055
1899 0.056
1900 0.057
1901 0.079
1902 0.089
1903 0.063
1904 0.063
1905 0.062
1906 0.051
1907 0.051
1908 0.052
1909 0.057
1910 0.079
1911 0.056
1912 0.081
1913 0.089
1914 0.117
1915 0.053
1916 0.118
1917 0.049
1918 0.065
1919 0.054
1920 0.056
1921 0.058
1922 0.055
1923 0.039
1924 0.074
1925 0.050
1926 0.056
1927 0.059
1928 0.055
1929 0.053
1930 0.051
1931 0.056
1932 0.065
1933 0.086
1934 0.044
1935 0.049
1936 0.043
1937 0.064
1938 0.060
1939 0.074
1940 0.084
1941 0.052
1942 0.051
1943 0.053
1944 0.048
1945 0.058
1946 0.063
1947 0.078
1948 0.051
1949 0.055
1950 0.057
1951 0.057
1952 0.065
1953 0.053
1954 0.055
1955 0.084
1956 0.062
1957 0.064
1958 0.053
1959 0.075
1960 0.074
1961 0.053
1962 0.054
1963 0.060
1964 0.075
1965 0.058
1966 0.062
1967 0.062
1968 0.077
1969 0.075
1970 0.050
1971 0.068
1972 0.067
1973 0.057
1974 0.053
1975 0.063
1976 0.054
1977 0.051
1978 0.073
1979 0.068
1980 0.054
1981 0.061
1982 0.068
1983 0.110
1984 0.058
1985 0.050
1986 0.041
1987 0.063
1988 0.054
1989 0.094
1990 0.064
1991 0.047
1992 0.072
1993 0.045
1994 0.055
1995 0.049
1996 0.057
1997 0.061
1998 0.060
1999 0.049
2000 0.066
2001 0.057
2002 0.054
2003 0.075
2004 0.059
2005 0.058
2006 0.058
2007 0.051
2008 0.052
2009 0.068
2010 0.049
2011 0.053
2012 0.055
2013 0.051
2014 0.058
2015 0.051
2016 0.047
2017 0.062
2018 0.070
2019 0.055
2020 0.064
2021 0.071
2022 0.068
2023 0.051
2024 0.061
2025 0.054
2026 0.076
2027 0.057
2028 0.051
2029 0.057
2030 0.071
2031 0.055
2032 0.065
2033 0.060
2034 0.073
2035 0.058
2036 0.048
2037 0.061
2038 0.067
2039 0.052
2040 0.073
2041 0.055
2042 0.038
2043 0.047
2044 0.048
2045 0.069
2046 0.051
2047 0.055
2048 0.053
2049 0.048
2050 0.069
2051 0.062
2052 0.057
2053 0.059
2054 0.066
2055 0.060
2056 0.049
2057 0.092
2058 0.050
2059 0.049
2060 0.055
2061 0.058
2062 0.087
2063 0.081
2064 0.073
2065 0.073
2066 0.062
2067 0.053
2068 0.055
2069 0.051
2070 0.052
2071 0.062
2072 0.059
2073 0.056
2074 0.087
2075 0.064
2076 0.050
2077 0.049
2078 0.070
2079 0.059
2080 0.063
2081 0.055
2082 0.061
2083 0.068
2084 0.062
2085 0.050
2086 0.075
2087 0.062
2088 0.055
2089 0.046
2090 0.081
2091 0.066
2092 0.102
2093 0.165
2094 0.055
2095 0.054
2096 0.059
2097 0.083
2098 0.063
2099 0.056
2100 0.054
2101 0.050
2102 0.116
2103 0.079
2104 0.048
2105 0.074
2106 0.060
2107 0.062
2108 0.071
2109 0.047
2110 0.064
2111 0.057
2112 0.053
2113 0.058
2114 0.076
2115 0.066
2116 0.067
2117 0.081
2118 0.054
2119 0.060
2120 0.087
2121 0.053
2122 0.057
2123 0.063
2124 0.055
2125 0.061
2126 0.038
2127 0.059
2128 0.058
2129 0.059
2130 0.059
2131 0.048
2132 0.070
2133 0.059
2134 0.105
2135 0.069
2136 0.069
2137 0.053
2138 0.052
2139 0.063
2140 0.069
2141 0.050
2142 0.058
2143 0.068
2144 0.064
2145 0.055
2146 0.107
2147 0.068
2148 0.068
2149 0.047
2150 0.048
2151 0.074
2152 0.077
2153 0.063
2154 0.060
2155 0.056
2156 0.051
2157 0.056
2158 0.066
2159 0.060
2160 0.063
2161 0.053
2162 0.049
2163 0.056
2164 0.062
2165 0.073
2166 0.063
2167 0.089
2168 0.101
2169 0.048
2170 0.074
2171 0.054
2172 0.053
2173 0.066
2174 0.050
2175 0.055
2176 0.029
2177 0.058
2178 0.045
2179 0.048
2180 0.053
2181 0.053
2182 0.063
2183 0.061
2184 0.049
2185 0.047
2186 0.062
2187 0.060
2188 0.055
2189 0.061
2190 0.063
2191 0.050
2192 0.056
2193 0.053
2194 0.044
2195 0.055
2196 0.040
2197 0.056
2198 0.060
2199 0.077
2200 0.064
2201 0.049
2202 0.066
2203 0.048
2204 0.059
2205 0.056
2206 0.057
2207 0.063
2208 0.069
2209 0.066
2210 0.051
2211 0.076
2212 0.078
2213 0.068
2214 0.053
2215 0.057
2216 0.041
2217 0.062
2218 0.056
2219 0.063
2220 0.049
2221 0.050
2222 0.054
2223 0.074
2224 0.060
2225 0.047
2226 0.051
2227 0.080
2228 0.048
2229 0.058
2230 0.047
2231 0.044
2232 0.042
2233 0.059
2234 0.062
2235 0.052
2236 0.051
2237 0.080
2238 0.054
2239 0.036
2240 0.085
2241 0.057
2242 0.068
2243 0.061
2244 0.080
2245 0.047
2246 0.070
2247 0.059
2248 0.048
2249 0.069
2250 0.068
2251 0.055
2252 0.057
2253 0.076
2254 0.049
2255 0.076
2256 0.073
2257 0.056
2258 0.064
2259 0.053
2260 0.082
2261 0.080
2262 0.065
2263 0.061
2264 0.046
2265 0.099
2266 0.046
2267 0.067
2268 0.090
2269 0.054
2270 0.076
2271 0.104
2272 0.055
2273 0.051
2274 0.063
2275 0.054
2276 0.085
2277 0.044
2278 0.062
2279 0.073
2280 0.060
2281 0.060
2282 0.080
2283 0.093
2284 0.055
2285 0.081
2286 0.049
2287 0.064
2288 0.066
2289 0.056
2290 0.057
2291 0.075
2292 0.084
2293 0.042
2294 0.064
2295 0.094
2296 0.062
2297 0.067
2298 0.079
2299 0.068
2300 0.064
2301 0.060
2302 0.060
2303 0.052
2304 0.090
2305 0.059
2306 0.100
2307 0.057
2308 0.065
2309 0.117
2310 0.061
2311 0.054
2312 0.051
2313 0.055
2314 0.048
2315 0.070
2316 0.062
2317 0.060
2318 0.051
2319 0.049
2320 0.055
2321 0.069
2322 0.059
2323 0.079
2324 0.086
2325 0.056
2326 0.058
2327 0.061
2328 0.066
2329 0.055
2330 0.061
2331 0.051
2332 0.070
2333 0.054
2334 0.058
2335 0.059
2336 0.075
2337 0.068
2338 0.060
2339 0.074
2340 0.060
2341 0.049
2342 0.061
2343 0.063
2344 0.066
2345 0.062
2346 0.173
2347 0.067
2348 0.048
2349 0.078
2350 0.060
2351 0.080
2352 0.077
2353 0.063
2354 0.067
2355 0.055
2356 0.081
2357 0.051
2358 0.052
2359 0.062
2360 0.056
2361 0.055
2362 0.061
2363 0.058
2364 0.055
2365 0.064
2366 0.047
2367 0.068
2368 0.060
2369 0.049
2370 0.057
2371 0.075
2372 0.057
2373 0.057
2374 0.054
2375 0.056
2376 0.070
2377 0.045
2378 0.059
2379 0.051
2380 0.067
2381 0.049
2382 0.074
2383 0.080
2384 0.059
2385 0.042
2386 0.052
2387 0.068
2388 0.058
2389 0.071
2390 0.069
2391 0.059
2392 0.051
2393 0.061
2394 0.075
2395 0.087
2396 0.058
2397 0.049
2398 0.057
2399 0.056
2400 0.063
2401 0.052
2402 0.051
2403 0.067
2404 0.051
2405 0.053
2406 0.082
2407 0.055
2408 0.072
2409 0.083
2410 0.064
2411 0.042
2412 0.055
2413 0.078
2414 0.063
2415 0.057
2416 0.058
2417 0.038
2418 0.048
2419 0.069
2420 0.063
2421 0.048
2422 0.057
2423 0.057
2424 0.087
2425 0.116
2426 0.081
2427 0.068
2428 0.064
2429 0.063
2430 0.050
2431 0.055
2432 0.063
2433 0.080
2434 0.057
2435 0.050
2436 0.060
2437 0.064
2438 0.061
2439 0.053
2440 0.051
2441 0.059
2442 0.059
2443 0.047
2444 0.057
2445 0.046
2446 0.029
2447 0.068
2448 0.057
2449 0.055
2450 0.053
2451 0.060
2452 0.064
2453 0.055
2454 0.059
2455 0.060
2456 0.065
2457 0.071
2458 0.068
2459 0.075
2460 0.050
2461 0.052
2462 0.065
2463 0.077
2464 0.059
2465 0.055
2466 0.060
2467 0.079
2468 0.056
2469 0.099
2470 0.084
2471 0.077
2472 0.078
2473 0.175
2474 0.055
2475 0.050
2476 0.078
2477 0.063
2478 0.060
2479 0.059
2480 0.056
2481 0.076
2482 0.060
2483 0.053
2484 0.056
2485 0.049
2486 0.054
2487 0.059
2488 0.065
2489 0.070
2490 0.053
2491 0.068
2492 0.060
2493 0.071
2494 0.051
2495 0.083
2496 0.050
2497 0.083
2498 0.091
2499 0.060
2500 0.065
2501 0.052
2502 0.061
2503 0.062
2504 0.068
2505 0.062
2506 0.064
2507 0.082
2508 0.049
2509 0.075
2510 0.049
2511 0.061
2512 0.075
2513 0.076
2514 0.076
2515 0.072
2516 0.061
2517 0.062
2518 0.063
2519 0.064
2520 0.078
2521 0.064
2522 0.048
2523 0.089
2524 0.064
2525 0.056
2526 0.050
2527 0.055
2528 0.054
2529 0.052
2530 0.087
2531 0.038
2532 0.062
2533 0.055
2534 0.062
2535 0.058
2536 0.058
2537 0.066
2538 0.063
2539 0.080
2540 0.067
2541 0.052
2542 0.059
2543 0.095
2544 0.096
2545 0.059
2546 0.090
2547 0.038
2548 0.072
2549 0.034
2550 0.063
2551 0.055
2552 0.165
2553 0.053
2554 0.064
2555 0.054
2556 0.051
2557 0.052
2558 0.056
2559 0.061
2560 0.067
2561 0.049
2562 0.055
2563 0.058
2564 0.086
2565 0.056
2566 0.098
2567 0.056
2568 0.061
2569 0.065
2570 0.061
2571 0.069
2572 0.053
2573 0.058
2574 0.057
2575 0.059
2576 0.058
2577 0.057
2578 0.059
2579 0.051
2580 0.055
2581 0.068
2582 0.076
2583 0.066
2584 0.065
2585 0.073
2586 0.079
2587 0.059
2588 0.067
2589 0.074
2590 0.083
2591 0.068
2592 0.083
2593 0.059
2594 0.062
2595 0.061
2596 0.061
2597 0.046
2598 0.068
2599 0.060
2600 0.068
2601 0.062
2602 0.065
2603 0.060
2604 0.084
2605 0.067
2606 0.058
2607 0.072
2608 0.033
2609 0.063
2610 0.051
2611 0.078
2612 0.080
2613 0.089
2614 0.081
2615 0.065
2616 0.060
2617 0.045
2618 0.070
2619 0.052
2620 0.045
2621 0.099
2622 0.050
2623 0.043
2624 0.111
2625 0.057
2626 0.074
2627 0.059
2628 0.064
2629 0.099
2630 0.100
2631 0.056
2632 0.068
2633 0.056
2634 0.050
2635 0.056
2636 0.048
2637 0.054
2638 0.080
2639 0.057
2640 0.096
2641 0.062
2642 0.049
2643 0.051
2644 0.057
2645 0.054
2646 0.058
2647 0.076
2648 0.061
2649 0.059
2650 0.068
2651 0.040
2652 0.057
2653 0.064
2654 0.072
2655 0.073
2656 0.059
2657 0.044
2658 0.054
2659 0.059
2660 0.062
2661 0.149
2662 0.049
2663 0.077
2664 0.056
2665 0.048
2666 0.064
2667 0.055
2668 0.070
2669 0.055
2670 0.054
2671 0.055
2672 0.056
2673 0.062
2674 0.062
2675 0.040
2676 0.047
2677 0.065
2678 0.053
2679 0.063
2680 0.075
2681 0.064
2682 0.066
2683 0.147
2684 0.066
2685 0.057
2686 0.063
2687 0.076
2688 0.058
2689 0.077
2690 0.057
2691 0.093
2692 0.057
2693 0.077
2694 0.173
2695 0.049
2696 0.056
2697 0.049
2698 0.062
2699 0.069
2700 0.060
2701 0.105
2702 0.056
2703 0.052
2704 0.068
2705 0.086
2706 0.071
2707 0.093
2708 0.062
2709 0.068
2710 0.285
2711 0.061
2712 0.077
2713 0.061
2714 0.042
2715 0.052
2716 0.077
2717 0.061
2718 0.056
2719 0.057
2720 0.048
2721 0.079
2722 0.055
2723 0.066
2724 0.075
2725 0.071
2726 0.073
2727 0.044
2728 0.080
2729 0.098
2730 0.062
2731 0.080
2732 0.080
2733 0.060
2734 0.051
2735 0.055
2736 0.063
2737 0.070
2738 0.061
2739 0.059
2740 0.058
2741 0.058
2742 0.083
2743 0.074
2744 0.053
2745 0.054
2746 0.086
2747 0.051
2748 0.067
2749 0.064
2750 0.056
2751 0.159
2752 0.087
2753 0.080
2754 0.059
2755 0.059
2756 0.060
2757 0.105
2758 0.053
2759 0.058
2760 0.064
2761 0.102
2762 0.060
2763 0.084
2764 0.049
2765 0.062
2766 0.076
2767 0.065
2768 0.052
2769 0.058
2770 0.043
2771 0.065
2772 0.059
2773 0.064
2774 0.056
2775 0.066
2776 0.063
2777 0.105
2778 0.068
2779 0.051
2780 0.038
2781 0.071
2782 0.064
2783 0.067
2784 0.047
2785 0.053
2786 0.061
2787 0.072
2788 0.098
2789 0.046
2790 0.068
2791 0.059
2792 0.062
2793 0.107
2794 0.037
2795 0.066
2796 0.053
2797 0.068
2798 0.073
2799 0.077
2800 0.055
2801 0.059
2802 0.051
2803 0.073
2804 0.063
2805 0.075
2806 0.066
2807 0.066
2808 0.054
2809 0.060
2810 0.059
2811 0.053
2812 0.066
2813 0.076
2814 0.061
2815 0.046
2816 0.061
2817 0.055
2818 0.059
2819 0.058
2820 0.063
2821 0.102
2822 0.056
2823 0.060
2824 0.048
2825 0.057
2826 0.055
2827 0.052
2828 0.055
2829 0.051
2830 0.124
2831 0.059
2832 0.085
2833 0.057
2834 0.048
2835 0.064
2836 0.068
2837 0.057
2838 0.046
2839 0.067
2840 0.049
2841 0.069
2842 0.099
2843 0.054
2844 0.055
2845 0.051
2846 0.076
2847 0.059
2848 0.095
2849 0.076
2850 0.035
2851 0.066
2852 0.055
2853 0.074
2854 0.063
2855 0.067
2856 0.062
2857 0.058
2858 0.080
2859 0.063
2860 0.060
2861 0.054
2862 0.066
2863 0.064
2864 0.055
2865 0.064
2866 0.057
2867 0.063
2868 0.064
2869 0.066
2870 0.049
2871 0.090
2872 0.054
2873 0.053
2874 0.057
2875 0.068
2876 0.055
2877 0.068
2878 0.074
2879 0.054
2880 0.098
2881 0.059
2882 0.048
2883 0.059
2884 0.082
2885 0.048
2886 0.082
2887 0.093
2888 0.063
2889 0.064
2890 0.064
2891 0.072
2892 0.066
2893 0.056
2894 0.055
2895 0.053
2896 0.069
2897 0.072
2898 0.054
2899 0.058
2900 0.047
2901 0.049
2902 0.092
2903 0.058
2904 0.058
2905 0.058
2906 0.083
2907 0.048
2908 0.063
2909 0.057
2910 0.053
2911 0.087
2912 0.060
2913 0.057
2914 0.049
2915 0.059
2916 0.056
2917 0.070
2918 0.048
2919 0.077
2920 0.151
2921 0.055
2922 0.105
2923 0.063
2924 0.046
2925 0.059
2926 0.078
2927 0.050
2928 0.064
2929 0.075
2930 0.082
2931 0.065
2932 0.050
2933 0.050
2934 0.125
2935 0.051
2936 0.061
2937 0.049
2938 0.039
2939 0.075
2940 0.053
2941 0.048
2942 0.050
2943 0.079
2944 0.056
2945 0.071
2946 0.065
2947 0.064
2948 0.060
2949 0.058
2950 0.068
2951 0.064
2952 0.088
2953 0.075
2954 0.054
2955 0.060
2956 0.056
2957 0.073
2958 0.069
2959 0.052
2960 0.109
2961 0.051
2962 0.074
2963 0.053
2964 0.057
2965 0.056
2966 0.066
2967 0.050
2968 0.076
2969 0.069
2970 0.054
2971 0.041
2972 0.061
2973 0.066
2974 0.064
2975 0.048
2976 0.066
2977 0.051
2978 0.064
2979 0.112
2980 0.069
2981 0.050
2982 0.058
2983 0.068
2984 0.059
2985 0.058
2986 0.061
2987 0.062
2988 0.064
2989 0.477
2990 0.061
2991 0.057
2992 0.058
2993 0.074
2994 0.054
2995 0.062
2996 0.065
2997 0.066
2998 0.063
2999 0.057
3000 0.064
3001 0.088
3002 0.089
3003 0.057
3004 0.055
3005 0.084
3006 0.066
3007 0.079
3008 0.086
3009 0.124
3010 0.056
3011 0.063
3012 0.049
3013 0.092
3014 0.070
3015 0.072
3016 0.061
3017 0.079
3018 0.053
3019 0.050
3020 0.247
3021 0.089
3022 0.055
3023 0.068
3024 0.055
3025 0.049
3026 0.053
3027 0.053
3028 0.064
3029 0.044
3030 0.059
3031 0.075
3032 0.058
3033 0.061
3034 0.047
3035 0.054
3036 0.049
3037 0.062
3038 0.076
3039 0.126
3040 0.061
3041 0.063
3042 0.058
3043 0.049
3044 0.089
3045 0.058
3046 0.059
3047 0.070
3048 0.055
3049 0.064
3050 0.055
3051 0.066
3052 0.076
3053 0.051
3054 0.065
3055 0.055
3056 0.059
3057 0.061
3058 0.051
3059 0.042
3060 0.066
3061 0.063
3062 0.036
3063 0.067
3064 0.078
3065 0.043
3066 0.050
3067 0.057
3068 0.066
3069 0.047
3070 0.139
3071 0.056
3072 0.078
3073 0.091
3074 0.058
3075 0.070
3076 0.052
3077 0.060
3078 0.073
3079 0.096
3080 0.082
3081 0.055
3082 0.036
3083 0.066
3084 0.070
3085 0.063
3086 0.072
3087 0.046
3088 0.054
3089 0.064
3090 0.055
3091 0.049
3092 0.066
3093 0.110
3094 0.057
3095 0.060
3096 0.048
3097 0.057
3098 0.049
3099 0.108
3100 0.055
3101 0.054
3102 0.061
3103 0.051
3104 0.059
3105 0.060
3106 0.068
3107 0.057
3108 0.080
3109 0.095
3110 0.060
3111 0.071
3112 0.075
3113 0.070
3114 0.053
3115 0.056
3116 0.051
3117 0.054
3118 0.067
3119 0.065
3120 0.061
3121 0.055
3122 0.081
3123 0.050
3124 0.065
3125 0.058
3126 0.045
3127 0.054
3128 0.085
3129 0.059
3130 0.055
3131 0.061
3132 0.073
3133 0.065
3134 0.061
3135 0.068
3136 0.052
3137 0.050
3138 0.060
3139 0.063
3140 0.050
3141 0.065
3142 0.064
3143 0.051
3144 0.074
3145 0.056
3146 0.072
3147 0.057
3148 0.051
3149 0.061
3150 0.059
3151 0.057
3152 0.056
3153 0.047
3154 0.056
3155 0.058
3156 0.041
3157 0.050
3158 0.054
3159 0.074
3160 0.061
3161 0.058
3162 0.054
3163 0.056
3164 0.069
3165 0.090
3166 0.058
3167 0.066
3168 0.068
3169 0.081
3170 0.057
3171 0.061
3172 0.070
3173 0.075
3174 0.065
3175 0.063
3176 0.055
3177 0.054
3178 0.056
3179 0.073
3180 0.053
3181 0.065
3182 0.044
3183 0.067
3184 0.069
3185 0.107
3186 0.058
3187 0.052
3188 0.076
3189 0.059
3190 0.052
3191 0.038
3192 0.062
3193 0.059
3194 0.063
3195 0.073
3196 0.059
3197 0.069
3198 0.056
3199 0.063
3200 0.066
3201 0.042
3202 0.057
3203 0.103
3204 0.068
3205 0.071
3206 0.055
3207 0.055
3208 0.053
3209 0.076
3210 0.093
3211 0.069
3212 0.063
3213 0.055
3214 0.062
3215 0.057
3216 0.065
3217 0.057
3218 0.054
3219 0.060
3220 0.057
3221 0.061
3222 0.059
3223 0.079
3224 0.050
3225 0.077
3226 0.080
3227 0.053
3228 0.060
3229 0.048
3230 0.055
3231 0.059
3232 0.058
3233 0.055
3234 0.048
3235 0.076
3236 0.078
3237 0.068
3238 0.070
3239 0.066
3240 0.053
3241 0.077
3242 0.046
3243 0.058
3244 0.056
3245 0.039
3246 0.089
3247 0.054
3248 0.057
3249 0.068
3250 0.089
3251 0.053
3252 0.064
3253 0.067
3254 0.056
3255 0.052
3256 0.053
3257 0.061
3258 0.060
3259 0.065
3260 0.052
3261 0.064
3262 0.067
3263 0.067
3264 0.048
3265 0.064
3266 0.051
3267 0.053
3268 0.056
3269 0.060
3270 0.055
3271 0.063
3272 0.093
3273 0.055
3274 0.063
3275 0.079
3276 0.059
3277 0.075
3278 0.066
3279 0.079
3280 0.052
3281 0.071
3282 0.105
3283 0.094
3284 0.059
3285 0.057
3286 0.060
3287 0.051
3288 0.055
3289 0.145
3290 0.051
3291 0.063
3292 0.052
3293 0.095
3294 0.057
3295 0.059
3296 0.051
3297 0.077
3298 0.063
3299 0.070
3300 0.061
3301 0.037
3302 0.093
3303 0.059
3304 0.070
3305 0.111
3306 0.064
3307 0.057
3308 0.052
3309 0.048
3310 0.105
3311 0.066
3312 0.061
3313 0.033
3314 0.108
3315 0.091
3316 0.066
3317 0.055
3318 0.049
3319 0.067
3320 0.059
3321 0.051
3322 0.065
3323 0.055
3324 0.054
3325 0.067
3326 0.103
3327 0.070
3328 0.102
3329 0.061
3330 0.050
3331 0.084
3332 0.085
3333 0.061
3334 0.087
3335 0.056
3336 0.084
3337 0.045
3338 0.056
3339 0.084
3340 0.080
3341 0.051
3342 0.085
3343 0.064
3344 0.125
3345 0.057
3346 0.102
3347 0.061
3348 0.092
3349 0.061
3350 0.065
3351 0.050
3352 0.061
3353 0.059
3354 0.068
3355 0.057
3356 0.061
3357 0.088
3358 0.051
3359 0.060
3360 0.068
3361 0.065
3362 0.053
3363 0.058
3364 0.061
3365 0.055
3366 0.056
3367 0.056
3368 0.059
3369 0.069
3370 0.066
3371 0.059
3372 0.050
3373 0.080
3374 0.086
3375 0.066
3376 0.066
3377 0.053
3378 0.053
3379 0.089
3380 0.073
3381 0.079
3382 0.054
3383 0.059
3384 0.060
3385 0.060
3386 0.051
3387 0.051
3388 0.056
3389 0.101
3390 0.056
3391 0.058
3392 0.058
3393 0.057
3394 0.121
3395 0.101
3396 0.067
3397 0.061
3398 0.057
3399 0.087
3400 0.056
3401 0.062
3402 0.074
3403 0.049
3404 0.046
3405 0.064
3406 0.057
3407 0.061
3408 0.060
3409 0.058
3410 0.083
3411 0.061
3412 0.056
3413 0.058
3414 0.066
3415 0.079
3416 0.053
3417 0.052
3418 0.094
3419 0.068
3420 0.065
3421 0.054
3422 0.078
3423 0.040
3424 0.089
3425 0.055
3426 0.054
3427 0.067
3428 0.063
3429 0.050
3430 0.106
3431 0.116
3432 0.064
3433 0.072
3434 0.060
3435 0.049
3436 0.057
3437 0.054
3438 0.069
3439 0.049
3440 0.059
3441 0.076
3442 0.061
3443 0.107
3444 0.054
3445 0.055
3446 0.072
3447 0.055
3448 0.060
3449 0.057
3450 0.090
3451 0.072
3452 0.071
3453 0.060
3454 0.063
3455 0.068
3456 0.064
3457 0.051
3458 0.053
3459 0.077
3460 0.063
3461 0.042
3462 0.056
3463 0.115
3464 0.062
3465 0.053
3466 0.048
3467 0.057
3468 0.041
3469 0.053
3470 0.061
3471 0.116
3472 0.050
3473 0.056
3474 0.059
3475 0.073
3476 0.065
3477 0.056
3478 0.059
3479 0.056
3480 0.059
3481 0.057
3482 0.051
3483 0.052
3484 0.085
3485 0.061
3486 0.082
3487 0.049
3488 0.056
3489 0.059
3490 0.059
3491 0.064
3492 0.057
3493 0.059
3494 0.058
3495 0.070
3496 0.051
3497 0.054
3498 0.071
3499 0.047
3500 0.061
3501 0.058
3502 0.047
3503 0.063
3504 0.058
3505 0.056
3506 0.058
3507 0.061
3508 0.053
3509 0.080
3510 0.049
3511 0.054
3512 0.066
3513 0.062
3514 0.059
3515 0.080
3516 0.063
3517 0.048
3518 0.048
3519 0.058
3520 0.076
3521 0.079
3522 0.049
3523 0.081
3524 0.069
3525 0.076
3526 0.055
3527 0.060
3528 0.059
3529 0.061
3530 0.055
3531 0.081
3532 0.066
3533 0.090
3534 0.036
3535 0.063
3536 0.055
3537 0.071
3538 0.063
3539 0.083
3540 0.074
3541 0.051
3542 0.060
3543 0.061
3544 0.056
3545 0.055
3546 0.085
3547 0.064
3548 0.049
3549 0.058
3550 0.058
3551 0.055
3552 0.049
3553 0.068
3554 0.051
3555 0.065
3556 0.070
3557 0.063
3558 0.059
3559 0.054
3560 0.068
3561 0.062
3562 0.058
3563 0.049
3564 0.053
3565 0.074
3566 0.072
3567 0.065
3568 0.058
3569 0.106
3570 0.057
3571 0.162
3572 0.060
3573 0.053
3574 0.128
3575 0.064
3576 0.054
3577 0.049
3578 0.063
3579 0.068
3580 0.060
3581 0.076
3582 0.060
3583 0.081
3584 0.066
3585 0.067
3586 0.047
3587 0.076
3588 0.053
3589 0.057
3590 0.058
3591 0.065
3592 0.053
3593 0.076
3594 0.082
3595 0.068
3596 0.052
3597 0.065
3598 0.101
3599 0.056
3600 0.072
3601 0.064
3602 0.057
3603 0.051
3604 0.084
3605 0.051
3606 0.064
3607 0.068
3608 0.053
3609 0.077
3610 0.056
3611 0.064
3612 0.054
3613 0.062
3614 0.064
3615 0.083
3616 0.051
3617 0.076
3618 0.057
3619 0.052
3620 0.060
3621 0.069
3622 0.083
3623 0.060
3624 0.061
3625 0.068
3626 0.053
3627 0.055
3628 0.060
3629 0.048
3630 0.071
3631 0.048
3632 0.072
3633 0.071
3634 0.056
3635 0.061
3636 0.062
3637 0.053
3638 0.052
3639 0.094
3640 0.060
3641 0.054
3642 0.042
3643 0.060
3644 0.093
3645 0.084
3646 0.047
3647 0.059
3648 0.061
3649 0.050
3650 0.053
3651 0.055
3652 0.058
3653 0.060
3654 0.082
3655 0.091
3656 0.080
3657 0.064
3658 0.048
3659 0.046
3660 0.057
3661 0.059
3662 0.082
3663 0.064
3664 0.084
3665 0.058
3666 0.099
3667 0.114
3668 0.055
3669 0.211
3670 0.060
3671 0.097
3672 0.061
3673 0.050
3674 0.064
3675 0.055
3676 0.060
3677 0.068
3678 0.061
3679 0.060
3680 0.062
3681 0.079
3682 0.058
3683 0.064
3684 0.077
3685 0.063
3686 0.050
3687 0.066
3688 0.061
3689 0.080
3690 0.053
3691 0.051
3692 0.116
3693 0.113
3694 0.061
3695 0.056
3696 0.056
3697 0.067
3698 0.077
3699 0.056
3700 0.077
3701 0.059
3702 0.075
3703 0.052
3704 0.045
3705 0.101
3706 0.057
3707 0.075
3708 0.066
3709 0.100
3710 0.071
3711 0.089
3712 0.072
3713 0.053
3714 0.060
3715 0.055
3716 0.047
3717 0.068
3718 0.061
3719 0.062
3720 0.091
3721 0.052
3722 0.064
3723 0.058
3724 0.056
3725 0.073
3726 0.061
3727 0.074
3728 0.065
3729 0.045
3730 0.061
3731 0.073
3732 0.053
3733 0.057
3734 0.068
3735 0.071
3736 0.050
3737 0.050
3738 0.056
3739 0.058
3740 0.072
3741 0.079
3742 0.051
3743 0.052
3744 0.066
3745 0.080
3746 0.092
3747 0.062
3748 0.071
3749 0.057
3750 0.052
3751 0.051
3752 0.072
3753 0.056
3754 0.062
3755 0.072
3756 0.059
3757 0.062
3758 0.060
3759 0.076
3760 0.046
3761 0.055
3762 0.049
3763 0.054
3764 0.063
3765 0.059
3766 0.078
3767 0.062
3768 0.067
3769 0.055
3770 0.055
3771 0.054
3772 0.067
3773 0.057
3774 0.057
3775 0.071
3776 0.088
3777 0.070
3778 0.054
3779 0.056
3780 0.060
3781 0.056
3782 0.067
3783 0.058
3784 0.059
3785 0.068
3786 0.050
3787 0.060
3788 0.050
3789 0.069
3790 0.069
3791 0.048
3792 0.060
3793 0.069
3794 0.079
3795 0.046
3796 0.074
3797 0.162
3798 0.063
3799 0.056
3800 0.053
3801 0.093
3802 0.066
3803 0.058
3804 0.058
3805 0.058
3806 0.061
3807 0.057
3808 0.062
3809 0.070
3810 0.053
3811 0.067
3812 0.069
3813 0.090
3814 0.036
3815 0.052
3816 0.067
3817 0.052
3818 0.052
3819 0.059
3820 0.054
3821 0.064
3822 0.061
3823 0.058
3824 0.081
3825 0.084
3826 0.058
3827 0.093
3828 0.050
3829 0.051
3830 0.062
3831 0.062
3832 0.058
3833 0.067
3834 0.066
3835 0.065
3836 0.056
3837 0.066
3838 0.066
3839 0.056
3840 0.067
3841 0.057
3842 0.062
3843 0.068
3844 0.065
3845 0.051
3846 0.043
3847 0.054
3848 0.052
3849 0.039
3850 0.062
3851 0.069
3852 0.049
3853 0.056
3854 0.081
3855 0.117
3856 0.057
3857 0.043
3858 0.078
3859 0.047
3860 0.078
3861 0.061
3862 0.090
3863 0.056
3864 0.083
3865 0.070
3866 0.049
3867 0.064
3868 0.066
3869 0.071
3870 0.063
3871 0.045
3872 0.065
3873 0.051
3874 0.047
3875 0.053
3876 0.059
3877 0.052
3878 0.068
3879 0.058
3880 0.057
3881 0.060
3882 0.056
3883 0.063
3884 0.061
3885 0.062
3886 0.070
3887 0.078
3888 0.062
3889 0.067
3890 0.061
3891 0.070
3892 0.075
3893 0.050
3894 0.054
3895 0.073
3896 0.065
3897 0.070
3898 0.054
3899 0.060
3900 0.056
3901 0.066
3902 0.058
3903 0.066
3904 0.052
3905 0.058
3906 0.048
3907 0.060
3908 0.043
3909 0.116
3910 0.070
3911 0.059
3912 0.057
3913 0.051
3914 0.050
3915 0.065
3916 0.083
3917 0.085
3918 0.062
3919 0.065
3920 0.085
3921 0.110
3922 0.075
3923 0.052
3924 0.073
3925 0.064
3926 0.064
3927 0.053
3928 0.049
3929 0.062
3930 0.058
3931 0.068
3932 0.065
3933 0.038
3934 0.071
3935 0.100
3936 0.055
3937 0.061
3938 0.054
3939 0.066
3940 0.092
3941 0.058
3942 0.062
3943 0.107
3944 0.076
3945 0.061
3946 0.065
3947 0.096
3948 0.057
3949 0.056
3950 0.056
3951 0.063
3952 0.058
3953 0.041
3954 0.068
3955 0.047
3956 0.049
3957 0.054
3958 0.062
3959 0.049
3960 0.069
3961 0.068
3962 0.050
3963 0.069
3964 0.052
3965 0.056
3966 0.070
3967 0.046
3968 0.097
3969 0.069
3970 0.059
3971 0.057
3972 0.056
3973 0.052
3974 0.066
3975 0.036
3976 0.055
3977 0.079
3978 0.057
3979 0.071
3980 0.064
3981 0.078
3982 0.056
3983 0.059
3984 0.057
3985 0.066
3986 0.051
3987 0.089
3988 0.070
3989 0.061
3990 0.069
3991 0.060
3992 0.050
3993 0.058
3994 0.052
3995 0.140
3996 0.048
3997 0.068
3998 0.050
3999 0.068
4000 0.054
4001 0.079
4002 0.085
4003 0.053
4004 0.066
4005 0.071
4006 0.051
4007 0.054
4008 0.059
4009 0.069
4010 0.076
4011 0.060
4012 0.056
4013 0.047
4014 0.049
4015 0.050
4016 0.055
4017 0.079
4018 0.078
4019 0.058
4020 0.055
4021 0.052
4022 0.073
4023 0.087
4024 0.056
4025 0.051
4026 0.055
4027 0.059
4028 0.070
4029 0.053
4030 0.049
4031 0.064
4032 0.075
4033 0.052
4034 0.070
4035 0.053
4036 0.068
4037 0.059
4038 0.086
4039 0.049
4040 0.054
4041 0.066
4042 0.038
4043 0.058
4044 0.056
4045 0.049
4046 0.073
4047 0.054
4048 0.061
4049 0.062
4050 0.063
4051 0.073
4052 0.068
4053 0.065
4054 0.089
4055 0.052
4056 0.053
4057 0.063
4058 0.051
4059 0.068
4060 0.091
4061 0.062
4062 0.060
4063 0.048
4064 0.064
4065 0.054
4066 0.073
4067 0.063
4068 0.083
4069 0.053
4070 0.060
4071 0.058
4072 0.073
4073 0.068
4074 0.068
4075 0.071
4076 0.064
4077 0.073
4078 0.080
4079 0.068
4080 0.055
4081 0.122
4082 0.071
4083 0.063
4084 0.057
4085 0.069
4086 0.052
4087 0.062
4088 0.083
4089 0.071
4090 0.091
4091 0.034
4092 0.057
4093 0.062
4094 0.059
4095 0.067
4096 0.065
4097 0.064
4098 0.083
4099 0.062
4100 0.057
4101 0.055
4102 0.052
4103 0.050
4104 0.058
4105 0.084
4106 0.092
4107 0.064
4108 0.073
4109 0.054
4110 0.052
4111 0.062
4112 0.049
4113 0.065
4114 0.056
4115 0.027
4116 0.093
4117 0.055
4118 0.075
4119 0.064
4120 0.060
4121 0.061
4122 0.063
4123 0.065
4124 0.059
4125 0.056
4126 0.070
4127 0.052
4128 0.056
4129 0.070
4130 0.076
4131 0.121
4132 0.064
4133 0.050
4134 0.064
4135 0.070
4136 0.063
4137 0.077
4138 0.053
4139 0.097
4140 0.053
4141 0.059
4142 0.066
4143 0.055
4144 0.047
4145 0.062
4146 0.085
4147 0.048
4148 0.080
4149 0.058
4150 0.094
4151 0.074
4152 0.089
4153 0.047
4154 0.080
4155 0.052
4156 0.059
4157 0.072
4158 0.070
4159 0.055
4160 0.054
4161 0.038
4162 0.068
4163 0.067
4164 0.066
4165 0.052
4166 0.058
4167 0.040
4168 0.073
4169 0.056
4170 0.049
4171 0.063
4172 0.058
4173 0.053
4174 0.067
4175 0.053
4176 0.052
4177 0.123
4178 0.055
4179 0.056
4180 0.052
4181 0.058
4182 0.052
4183 0.053
4184 0.062
4185 0.054
4186 0.119
4187 0.066
4188 0.047
4189 0.078
4190 0.071
4191 0.066
4192 0.073
4193 0.070
4194 0.066
4195 0.059
4196 0.067
4197 0.073
4198 0.060
4199 0.053
4200 0.068
4201 0.055
4202 0.065
4203 0.057
4204 0.050
4205 0.049
4206 0.057
4207 0.050
4208 0.059
4209 0.087
4210 0.096
4211 0.058
4212 0.069
4213 0.047
4214 0.047
4215 0.059
4216 0.064
4217 0.065
4218 0.052
4219 0.058
4220 0.077
4221 0.051
4222 0.048
4223 0.064
4224 0.064
4225 0.065
4226 0.115
4227 0.110
4228 0.052
4229 0.083
4230 0.058
4231 0.082
4232 0.098
4233 0.051
4234 0.039
4235 0.060
4236 0.094
4237 0.059
4238 0.055
4239 0.062
4240 0.050
4241 0.054
4242 0.055
4243 0.058
4244 0.079
4245 0.067
4246 0.062
4247 0.057
4248 0.067
4249 0.067
4250 0.060
4251 0.071
4252 0.064
4253 0.059
4254 0.053
4255 0.082
4256 0.061
4257 0.072
4258 0.104
4259 0.073
4260 0.051
4261 0.079
4262 0.065
4263 0.060
4264 0.056
4265 0.064
4266 0.064
4267 0.069
4268 0.065
4269 0.078
4270 0.049
4271 0.058
4272 0.054
4273 0.065
4274 0.065
4275 0.051
4276 0.081
4277 0.080
4278 0.065
4279 0.057
4280 0.072
4281 0.053
4282 0.113
4283 0.062
4284 0.064
4285 0.056
4286 0.086
4287 0.059
4288 0.059
4289 0.063
4290 0.050
4291 0.049
4292 0.047
4293 0.065
4294 0.051
4295 0.067
4296 0.062
4297 0.058
4298 0.056
4299 0.064
4300 0.073
4301 0.075
4302 0.067
4303 0.070
4304 0.060
4305 0.057
4306 0.064
4307 0.052
4308 0.062
4309 0.066
4310 0.052
4311 0.060
4312 0.055
4313 0.060
4314 0.069
4315 0.059
4316 0.057
4317 0.082
4318 0.057
4319 0.068
4320 0.059
4321 0.055
4322 0.049
4323 0.054
4324 0.068
4325 0.061
4326 0.056
4327 0.063
4328 0.068
4329 0.064
4330 0.056
4331 0.056
4332 0.077
4333 0.085
4334 0.063
4335 0.046
4336 0.050
4337 0.070
4338 0.072
4339 0.052
4340 0.060
4341 0.059
4342 0.053
4343 0.065
4344 0.061
4345 0.050
4346 0.055
4347 0.061
4348 0.057
4349 0.072
4350 0.046
4351 0.063
4352 0.059
4353 0.105
4354 0.079
4355 0.059
4356 0.055
4357 0.065
4358 0.058
4359 0.051
4360 0.076
4361 0.077
4362 0.095
4363 0.052
4364 0.055
4365 0.059
4366 0.071
4367 0.065
4368 0.068
4369 0.055
4370 0.047
4371 0.078
4372 0.077
4373 0.064
4374 0.062
4375 0.056
4376 0.059
4377 0.071
4378 0.063
4379 0.060
4380 0.060
4381 0.080
4382 0.066
4383 0.058
4384 0.054
4385 0.067
4386 0.065
4387 0.060
4388 0.043
4389 0.076
4390 0.092
4391 0.039
4392 0.063
4393 0.054
4394 0.050
4395 0.057
4396 0.054
4397 0.065
4398 0.057
4399 0.066
4400 0.056
4401 0.061
4402 0.064
4403 0.056
4404 0.085
4405 0.070
4406 0.036
4407 0.074
4408 0.059
4409 0.050
4410 0.049
4411 0.057
4412 0.064
4413 0.059
4414 0.056
4415 0.067
4416 0.079
4417 0.053
4418 0.047
4419 0.056
4420 0.060
4421 0.067
4422 0.095
4423 0.063
4424 0.068
4425 0.053
4426 0.045
4427 0.052
4428 0.062
4429 0.073
4430 0.049
4431 0.061
4432 0.072
4433 0.120
4434 0.084
4435 0.089
4436 0.093
4437 0.061
4438 0.058
4439 0.072
4440 0.059
4441 0.061
4442 0.057
4443 0.064
4444 0.071
4445 0.056
4446 0.062
4447 0.097
4448 0.082
4449 0.095
4450 0.062
4451 0.072
4452 0.050
4453 0.052
4454 0.059
4455 0.069
4456 0.057
4457 0.050
4458 0.067
4459 0.081
4460 0.062
4461 0.059
4462 0.068
4463 0.054
4464 0.070
4465 0.144
4466 0.046
4467 0.047
4468 0.056
4469 0.046
4470 0.062
4471 0.066
4472 0.055
4473 0.087
4474 0.075
4475 0.038
4476 0.076
4477 0.056
4478 0.062
4479 0.071
4480 0.053
4481 0.057
4482 0.066
4483 0.055
4484 0.070
4485 0.068
4486 0.053
4487 0.055
4488 0.060
4489 0.064
4490 0.058
4491 0.051
4492 0.056
4493 0.053
4494 0.050
4495 0.064
4496 0.060
4497 0.059
4498 0.067
4499 0.051
4500 0.067
4501 0.046
4502 0.102
4503 0.051
4504 0.058
4505 0.096
4506 0.047
4507 0.054
4508 0.059
4509 0.054
4510 0.048
4511 0.096
4512 0.077
4513 0.074
4514 0.073
4515 0.068
4516 0.075
4517 0.061
4518 0.068
4519 0.060
4520 0.070
4521 0.056
4522 0.066
4523 0.060
4524 0.060
4525 0.060
4526 0.068
4527 0.051
4528 0.076
4529 0.057
4530 0.059
4531 0.085
4532 0.057
4533 0.049
4534 0.070
4535 0.056
4536 0.055
4537 0.054
4538 0.099
4539 0.071
4540 0.056
4541 0.078
4542 0.049
4543 0.067
4544 0.075
4545 0.060
4546 0.065
4547 0.053
4548 0.059
4549 0.077
4550 0.054
4551 0.070
4552 0.051
4553 0.056
4554 0.031
4555 0.055
4556 0.043
4557 0.067
4558 0.061
4559 0.053
4560 0.076
4561 0.061
4562 0.071
4563 0.068
4564 0.091
4565 0.095
4566 0.052
4567 0.047
4568 0.099
4569 0.051
4570 0.088
4571 0.057
4572 0.054
4573 0.130
4574 0.036
4575 0.076
4576 0.054
4577 0.058
4578 0.055
4579 0.066
4580 0.058
4581 0.069
4582 0.074
4583 0.061
4584 0.098
4585 0.054
4586 0.066
4587 0.049
4588 0.059
4589 0.055
4590 0.097
4591 0.054
4592 0.063
4593 0.058
4594 0.066
4595 0.057
4596 0.061
4597 0.065
4598 0.054
4599 0.060
4600 0.054
4601 0.067
4602 0.057
4603 0.060
4604 0.047
4605 0.068
4606 0.056
4607 0.062
4608 0.086
4609 0.044
4610 0.060
4611 0.060
4612 0.055
4613 0.057
4614 0.056
4615 0.080
4616 0.066
4617 0.050
4618 0.056
4619 0.064
4620 0.067
4621 0.053
4622 0.067
4623 0.061
4624 0.065
4625 0.083
4626 0.052
4627 0.064
4628 0.048
4629 0.061
4630 0.064
4631 0.069
4632 0.050
4633 0.058
4634 0.052
4635 0.121
4636 0.058
4637 0.054
4638 0.056
4639 0.065
4640 0.084
4641 0.090
4642 0.062
4643 0.072
4644 0.048
4645 0.054
4646 0.054
4647 0.128
4648 0.066
4649 0.073
4650 0.064
4651 0.059
4652 0.060
4653 0.052
4654 0.055
4655 0.059
4656 0.054
4657 0.050
4658 0.064
4659 0.074
4660 0.091
4661 0.068
4662 0.060
4663 0.050
4664 0.103
4665 0.060
4666 0.062
4667 0.060
4668 0.052
4669 0.088
4670 0.059
4671 0.054
4672 0.063
4673 0.058
4674 0.063
4675 0.058
4676 0.065
4677 0.083
4678 0.051
4679 0.064
4680 0.051
4681 0.094
4682 0.064
4683 0.107
4684 0.063
4685 0.053
4686 0.058
4687 0.056
4688 0.055
4689 0.057
4690 0.069
4691 0.060
4692 0.068
4693 0.059
4694 0.058
4695 0.059
4696 0.055
4697 0.061
4698 0.059
4699 0.056
4700 0.037
4701 0.060
4702 0.057
4703 0.057
4704 0.060
4705 0.053
4706 0.059
4707 0.097
4708 0.054
4709 0.066
4710 0.054
4711 0.061
4712 0.072
4713 0.062
4714 0.062
4715 0.064
4716 0.069
4717 0.053
4718 0.066
4719 0.049
4720 0.099
4721 0.109
4722 0.056
4723 0.045
4724 0.056
4725 0.058
4726 0.061
4727 0.074
4728 0.059
4729 0.052
4730 0.054
4731 0.091
4732 0.077
4733 0.056
4734 0.049
4735 0.043
4736 0.084
4737 0.055
4738 0.062
4739 0.064
4740 0.061
4741 0.092
4742 0.055
4743 0.053
4744 0.083
4745 0.056
4746 0.060
4747 0.077
4748 0.052
4749 0.035
4750 0.062
4751 0.060
4752 0.056
4753 0.052
4754 0.057
4755 0.060
4756 0.064
4757 0.061
4758 0.071
4759 0.055
4760 0.063
4761 0.055
4762 0.064
4763 0.079
4764 0.046
4765 0.053
4766 0.082
4767 0.046
4768 0.064
4769 0.056
4770 0.059
4771 0.066
4772 0.057
4773 0.050
4774 0.056
4775 0.066
4776 0.054
4777 0.059
4778 0.056
4779 0.063
4780 0.075
4781 0.056
4782 0.057
4783 0.055
4784 0.072
4785 0.049
4786 0.054
4787 0.057
4788 0.048
4789 0.066
4790 0.072
4791 0.057
4792 0.070
4793 0.055
4794 0.056
4795 0.057
4796 0.071
4797 0.083
4798 0.068
4799 0.068
4800 0.067
4801 0.082
4802 0.075
4803 0.061
4804 0.095
4805 0.047
4806 0.058
4807 0.062
4808 0.066
4809 0.059
4810 0.056
4811 0.072
4812 0.050
4813 0.042
4814 0.066
4815 0.056
4816 0.055
4817 0.093
4818 0.069
4819 0.057
4820 0.055
4821 0.071
4822 0.063
4823 0.050
4824 0.073
4825 0.066
4826 0.080
4827 0.050
4828 0.057
4829 0.063
4830 0.061
4831 0.094
4832 0.063
4833 0.065
4834 0.054
4835 0.039
4836 0.047
4837 0.072
4838 0.058
4839 0.067
4840 0.061
4841 0.052
4842 0.060
4843 0.037
4844 0.057
4845 0.065
4846 0.105
4847 0.041
4848 0.067
4849 0.061
4850 0.078
4851 0.064
4852 0.068
4853 0.077
4854 0.059
4855 0.048
4856 0.048
4857 0.059
4858 0.087
4859 0.048
4860 0.067
4861 0.055
4862 0.132
4863 0.069
4864 0.061
4865 0.060
4866 0.064
4867 0.061
4868 0.117
4869 0.070
4870 0.049
4871 0.049
4872 0.060
4873 0.044
4874 0.071
4875 0.053
4876 0.087
4877 0.073
4878 0.067
4879 0.058
4880 0.073
4881 0.057
4882 0.070
4883 0.058
4884 0.059
4885 0.063
4886 0.059
4887 0.056
4888 0.060
4889 0.069
4890 0.057
4891 0.048
4892 0.067
4893 0.061
4894 0.052
4895 0.071
4896 0.052
4897 0.049
4898 0.055
4899 0.046
4900 0.062
4901 0.066
4902 0.059
4903 0.069
4904 0.070
4905 0.075
4906 0.068
4907 0.049
4908 0.063
4909 0.060
4910 0.049
4911 0.065
4912 0.078
4913 0.064
4914 0.076
4915 0.054
4916 0.069
4917 0.051
4918 0.057
4919 0.058
4920 0.085
4921 0.060
4922 0.089
4923 0.076
4924 0.047
4925 0.076
4926 0.068
4927 0.059
4928 0.066
4929 0.055
4930 0.063
4931 0.075
4932 0.060
4933 0.061
4934 0.057
4935 0.086
4936 0.060
4937 0.052
4938 0.090
4939 0.069
4940 0.064
4941 0.070
4942 0.059
4943 0.060
4944 0.069
4945 0.061
4946 0.065
4947 0.059
4948 0.094
4949 0.071
4950 0.063
4951 0.063
4952 0.054
4953 0.062
4954 0.070
4955 0.043
4956 0.064
4957 0.049
4958 0.083
4959 0.103
4960 0.073
4961 0.064
4962 0.060
4963 0.096
4964 0.060
4965 0.068
4966 0.065
4967 0.057
4968 0.122
4969 0.064
4970 0.082
4971 0.052
4972 0.057
4973 0.085
4974 0.057
4975 0.047
4976 0.058
4977 0.047
4978 0.057
4979 0.073
4980 0.067
4981 0.058
4982 0.050
4983 0.060
4984 0.087
4985 0.064
4986 0.067
4987 0.054
4988 0.044
4989 0.066
4990 0.080
4991 0.089
4992 0.078
4993 0.061
4994 0.099
4995 0.092
4996 0.088
4997 0.063
4998 0.049
4999 0.047
5000 0.060
5001 0.061
5002 0.053
5003 0.047
5004 0.059
5005 0.054
5006 0.050
5007 0.071
5008 0.049
5009 0.051
5010 0.059
5011 0.052
5012 0.062
5013 0.062
5014 0.093
5015 0.066
5016 0.148
5017 0.055
5018 0.062
5019 0.060
5020 0.120
5021 0.048
5022 0.062
5023 0.060
5024 0.062
5025 0.060
5026 0.080
5027 0.059
5028 0.061
5029 0.066
5030 0.132
5031 0.056
5032 0.066
5033 0.064
5034 0.062
5035 0.077
5036 0.063
5037 0.091
5038 0.074
5039 0.058
5040 0.063
5041 0.076
5042 0.083
5043 0.066
5044 0.043
5045 0.064
5046 0.062
5047 0.087
5048 0.064
5049 0.066
5050 0.064
5051 0.068
5052 0.061
5053 0.057
5054 0.059
5055 0.064
5056 0.061
5057 0.058
5058 0.064
5059 0.060
5060 0.071
5061 0.056
5062 0.059
5063 0.041
5064 0.054
5065 0.058
5066 0.056
5067 0.085
5068 0.069
5069 0.062
5070 0.061
5071 0.054
5072 0.085
5073 0.053
5074 0.061
5075 0.064
5076 0.122
5077 0.072
5078 0.059
5079 0.061
5080 0.058
5081 0.054
5082 0.070
5083 0.179
5084 0.059
5085 0.060
5086 0.059
5087 0.066
5088 0.059
5089 0.064
5090 0.063
5091 0.061
5092 0.082
5093 0.065
5094 0.055
5095 0.064
5096 0.060
5097 0.060
5098 0.072
5099 0.089
5100 0.070
5101 0.060
5102 0.059
5103 0.059
5104 0.079
5105 0.066
5106 0.094
5107 0.056
5108 0.079
5109 0.068
5110 0.067
5111 0.038
5112 0.041
5113 0.066
5114 0.075
5115 0.053
5116 0.058
5117 0.058
5118 0.065
5119 0.064
5120 0.062
5121 0.085
5122 0.034
5123 0.060
5124 0.068
5125 0.077
5126 0.058
5127 0.078
5128 0.053
5129 0.058
5130 0.058
5131 0.114
5132 0.057
5133 0.062
5134 0.060
5135 0.044
5136 0.063
5137 0.076
5138 0.062
5139 0.085
5140 0.073
5141 0.060
5142 0.065
5143 0.070
5144 0.060
5145 0.067
5146 0.056
5147 0.064
5148 0.091
5149 0.062
5150 0.086
5151 0.060
5152 0.059
5153 0.060
5154 0.066
5155 0.068
5156 0.053
5157 0.109
5158 0.068
5159 0.066
5160 0.048
5161 0.060
5162 0.089
5163 0.065
5164 0.065
5165 0.067
5166 0.075
5167 0.067
5168 0.067
5169 0.064
5170 0.061
5171 0.060
5172 0.053
5173 0.066
5174 0.072
5175 0.042
5176 0.082
5177 0.048
5178 0.066
5179 0.091
5180 0.045
5181 0.054
5182 0.075
5183 0.057
5184 0.050
5185 0.060
5186 0.067
5187 0.052
5188 0.061
5189 0.068
5190 0.050
5191 0.051
5192 0.078
5193 0.088
5194 0.051
5195 0.062
5196 0.070
5197 0.052
5198 0.083
5199 0.068
5200 0.072
5201 0.058
5202 0.052
5203 0.091
5204 0.070
5205 0.065
5206 0.064
5207 0.070
5208 0.067
5209 0.074
5210 0.058
5211 0.052
5212 0.087
5213 0.066
5214 0.098
5215 0.043
5216 0.112
5217 0.050
5218 0.067
5219 0.061
5220 0.061
5221 0.077
5222 0.070
5223 0.057
5224 0.077
5225 0.063
5226 0.080
5227 0.075
5228 0.090
5229 0.102
5230 0.055
5231 0.080
5232 0.080
5233 0.054
5234 0.051
5235 0.054
5236 0.064
5237 0.067
5238 0.070
5239 0.074
5240 0.080
5241 0.067
5242 0.070
5243 0.064
5244 0.048
5245 0.057
5246 0.085
5247 0.062
5248 0.058
5249 0.060
5250 0.054
5251 0.062
5252 0.052
5253 0.069
5254 0.067
5255 0.056
5256 0.062
5257 0.074
5258 0.094
5259 0.049
5260 0.066
5261 0.092
5262 0.066
5263 0.068
5264 0.058
5265 0.060
5266 0.098
5267 0.067
5268 0.107
5269 0.036
5270 0.064
5271 0.057
5272 0.051
5273 0.060
5274 0.061
5275 0.063
5276 0.048
5277 0.058
5278 0.066
5279 0.057
5280 0.086
5281 0.058
5282 0.064
5283 0.057
5284 0.058
5285 0.066
5286 0.054
5287 0.089
5288 0.065
5289 0.051
5290 0.047
5291 0.043
5292 0.055
5293 0.069
5294 0.062
5295 0.079
5296 0.069
5297 0.054
5298 0.062
5299 0.046
5300 0.094
5301 0.096
5302 0.061
5303 0.068
5304 0.067
5305 0.073
5306 0.058
5307 0.056
5308 0.057
5309 0.064
5310 0.095
5311 0.075
5312 0.048
5313 0.061
5314 0.063
5315 0.114
5316 0.060
5317 0.058
5318 0.052
5319 0.068
5320 0.059
5321 0.072
5322 0.054
5323 0.059
5324 0.055
5325 0.059
5326 0.057
5327 0.056
5328 0.066
5329 0.068
5330 0.064
5331 0.071
5332 0.058
5333 0.053
5334 0.060
5335 0.065
5336 0.076
5337 0.079
5338 0.060
5339 0.056
5340 0.097
5341 0.055
5342 0.068
5343 0.068
5344 0.060
5345 0.060
5346 0.049
5347 0.060
5348 0.053
5349 0.056
5350 0.068
5351 0.096
5352 0.056
5353 0.083
5354 0.058
5355 0.057
5356 0.047
5357 0.054
5358 0.050
5359 0.094
5360 0.059
5361 0.085
5362 0.058
5363 0.072
5364 0.068
5365 0.056
5366 0.059
5367 0.064
5368 0.075
5369 0.096
5370 0.044
5371 0.101
5372 0.056
5373 0.058
5374 0.075
5375 0.057
5376 0.060
5377 0.063
5378 0.049
5379 0.103
5380 0.069
5381 0.061
5382 0.077
5383 0.068
5384 0.054
5385 0.073
5386 0.049
5387 0.054
5388 0.055
5389 0.077
5390 0.065
5391 0.089
5392 0.054
5393 0.053
5394 0.072
5395 0.068
5396 0.071
5397 0.066
5398 0.068
5399 0.051
5400 0.052
5401 0.055
5402 0.066
5403 0.072
5404 0.055
5405 0.067
5406 0.061
5407 0.052
5408 0.044
5409 0.066
5410 0.059
5411 0.062
5412 0.060
5413 0.060
5414 0.055
5415 0.069
5416 0.066
5417 0.065
5418 0.049
5419 0.071
5420 0.041
5421 0.053
5422 0.075
5423 0.054
5424 0.061
5425 0.063
5426 0.081
5427 0.058
5428 0.071
5429 0.066
5430 0.102
5431 0.041
5432 0.064
5433 0.053
5434 0.061
5435 0.064
5436 0.070
5437 0.083
5438 0.066
5439 0.067
5440 0.055
5441 0.049
5442 0.065
5443 0.047
5444 0.062
5445 0.061
5446 0.050
5447 0.079
5448 0.055
5449 0.074
5450 0.089
5451 0.063
5452 0.123
5453 0.052
5454 0.054
5455 0.049
5456 0.080
5457 0.049
5458 0.055
5459 0.062
5460 0.050
5461 0.037
5462 0.048
5463 0.055
5464 0.045
5465 0.050
5466 0.064
5467 0.059
5468 0.059
5469 0.052
5470 0.078
5471 0.062
5472 0.057
5473 0.068
5474 0.073
5475 0.052
5476 0.054
5477 0.055
5478 0.053
5479 0.070
5480 0.077
5481 0.068
5482 0.053
5483 0.061
5484 0.068
5485 0.115
5486 0.060
5487 0.050
5488 0.059
5489 0.062
5490 0.063
5491 0.062
5492 0.067
5493 0.067
5494 0.073
5495 0.065
5496 0.075
5497 0.064
5498 0.056
5499 0.083
5500 0.064
5501 0.149
5502 0.056
5503 0.054
5504 0.054
5505 0.058
5506 0.052
5507 0.056
5508 0.098
5509 0.056
5510 0.057
5511 0.064
5512 0.055
5513 0.058
5514 0.085
5515 0.060
5516 0.082
5517 0.070
5518 0.064
5519 0.058
5520 0.049
5521 0.061
5522 0.057
5523 0.061
5524 0.056
5525 0.060
5526 0.091
5527 0.063
5528 0.055
5529 0.062
5530 0.051
5531 0.055
5532 0.047
5533 0.069
5534 0.059
5535 0.050
5536 0.078
5537 0.066
5538 0.060
5539 0.074
5540 0.064
5541 0.061
5542 0.060
5543 0.049
5544 0.059
5545 0.054
5546 0.075
5547 0.063
5548 0.067
5549 0.093
5550 0.078
5551 0.050
5552 0.055
5553 0.064
5554 0.052
5555 0.104
5556 0.048
5557 0.063
5558 0.076
5559 0.074
5560 0.059
5561 0.052
5562 0.067
5563 0.047
5564 0.036
5565 0.043
5566 0.056
5567 0.057
5568 0.056
5569 0.061
5570 0.056
5571 0.051
5572 0.048
5573 0.060
5574 0.062
5575 0.057
5576 0.070
5577 0.064
5578 0.095
5579 0.061
5580 0.067
5581 0.058
5582 0.053
5583 0.064
5584 0.048
5585 0.070
5586 0.087
5587 0.088
5588 0.063
5589 0.036
5590 0.058
5591 0.062
5592 0.058
5593 0.057
5594 0.059
5595 0.060
5596 0.140
5597 0.093
5598 0.064
5599 0.071
5600 0.057
5601 0.041
5602 0.057
5603 0.068
5604 0.067
5605 0.055
5606 0.048
5607 0.056
5608 0.076
5609 0.058
5610 0.075
5611 0.058
5612 0.049
5613 0.061
5614 0.086
5615 0.059
5616 0.056
5617 0.062
5618 0.060
5619 0.056
5620 0.097
5621 0.093
5622 0.055
5623 0.057
5624 0.054
5625 0.052
5626 0.052
5627 0.061
5628 0.055
5629 0.051
5630 0.050
5631 0.058
5632 0.065
5633 0.065
5634 0.070
5635 0.072
5636 0.069
5637 0.065
5638 0.074
5639 0.050
5640 0.063
5641 0.042
5642 0.059
5643 0.088
5644 0.070
5645 0.058
5646 0.091
5647 0.070
5648 0.083
5649 0.062
5650 0.036
5651 0.115
5652 0.085
5653 0.059
5654 0.070
5655 0.066
5656 0.068
5657 0.078
5658 0.067
5659 0.074
5660 0.065
5661 0.057
5662 0.060
5663 0.057
5664 0.058
5665 0.060
5666 0.057
5667 0.077
5668 0.058
5669 0.058
5670 0.089
5671 0.061
5672 0.084
5673 0.057
5674 0.060
5675 0.056
5676 0.049
5677 0.077
5678 0.074
5679 0.078
5680 0.054
5681 0.076
5682 0.081
5683 0.056
5684 0.056
5685 0.049
5686 0.077
5687 0.055
5688 0.054
5689 0.055
5690 0.051
5691 0.052
5692 0.074
5693 0.064
5694 0.130
5695 0.048
5696 0.099
5697 0.061
5698 0.057
5699 0.083
5700 0.072
5701 0.042
5702 0.062
5703 0.075
5704 0.077
5705 0.078
5706 0.058
5707 0.054
5708 0.092
5709 0.068
5710 0.059
5711 0.050
5712 0.101
5713 0.093
5714 0.049
5715 0.061
5716 0.053
5717 0.065
5718 0.058
5719 0.066
5720 0.084
5721 0.063
5722 0.068
5723 0.094
5724 0.065
5725 0.090
5726 0.103
5727 0.063
5728 0.067
5729 0.057
5730 0.074
5731 0.084
5732 0.065
5733 0.090
5734 0.058
5735 0.058
5736 0.060
5737 0.175
5738 0.091
5739 0.057
5740 0.055
5741 0.062
5742 0.053
5743 0.052
5744 0.104
5745 0.055
5746 0.057
5747 0.064
5748 0.056
5749 0.063
5750 0.055
5751 0.070
5752 0.096
5753 0.055
5754 0.073
5755 0.069
5756 0.066
5757 0.052
5758 0.066
5759 0.060
5760 0.038
5761 0.075
5762 0.050
5763 0.059
5764 0.078
5765 0.094
5766 0.052
5767 0.102
5768 0.050
5769 0.064
5770 0.072
5771 0.155
5772 0.050
5773 0.114
5774 0.051
5775 0.073
5776 0.070
5777 0.055
5778 0.051
5779 0.058
5780 0.088
5781 0.058
5782 0.053
5783 0.048
5784 0.065
5785 0.063
5786 0.052
5787 0.058
5788 0.055
5789 0.038
5790 0.125
5791 0.061
5792 0.066
5793 0.086
5794 0.058
5795 0.056
5796 0.077
5797 0.053
5798 0.071
5799 0.051
5800 0.054
5801 0.069
5802 0.069
5803 0.115
5804 0.065
5805 0.079
5806 0.074
5807 0.047
5808 0.065
5809 0.065
5810 0.061
5811 0.064
5812 0.068
5813 0.048
5814 0.067
5815 0.108
5816 0.059
5817 0.063
5818 0.058
5819 0.077
5820 0.064
5821 0.065
5822 0.104
5823 0.093
5824 0.065
5825 0.050
5826 0.055
5827 0.075
5828 0.056
5829 0.056
5830 0.058
5831 0.061
5832 0.058
5833 0.055
5834 0.057
5835 0.063
5836 0.059
5837 0.050
5838 0.062
5839 0.144
5840 0.056
5841 0.049
5842 0.178
5843 0.053
5844 0.055
5845 0.049
5846 0.054
5847 0.092
5848 0.061
5849 0.050
5850 0.050
5851 0.066
5852 0.082
5853 0.068
5854 0.036
5855 0.052
5856 0.075
5857 0.053
5858 0.055
5859 0.078
5860 0.073
5861 0.060
5862 0.065
5863 0.056
5864 0.265
5865 0.050
5866 0.055
5867 0.065
5868 0.085
5869 0.052
5870 0.068
5871 0.067
5872 0.067
5873 0.055
5874 0.059
5875 0.070
5876 0.055
5877 0.062
5878 0.055
5879 0.074
5880 0.066
5881 0.069
5882 0.085
5883 0.051
5884 0.062
5885 0.062
5886 0.058
5887 0.061
5888 0.063
5889 0.057
5890 0.083
5891 0.065
5892 0.061
5893 0.066
5894 0.060
5895 0.063
5896 0.090
5897 0.054
5898 0.049
5899 0.063
5900 0.064
5901 0.066
5902 0.049
5903 0.057
5904 0.056
5905 0.051
5906 0.065
5907 0.057
5908 0.051
5909 0.098
5910 0.057
5911 0.067
5912 0.049
5913 0.072
5914 0.119
5915 0.058
5916 0.064
5917 0.086
5918 0.060
5919 0.059
5920 0.061
5921 0.067
5922 0.058
5923 0.049
5924 0.064
5925 0.059
5926 0.062
5927 0.101
5928 0.075
5929 0.054
5930 0.105
5931 0.076
5932 0.083
5933 0.050
5934 0.078
5935 0.075
5936 0.050
5937 0.041
5938 0.102
5939 0.050
5940 0.050
5941 0.087
5942 0.051
5943 0.062
5944 0.055
5945 0.060
5946 0.061
5947 0.053
5948 0.060
5949 0.055
5950 0.056
5951 0.043
5952 0.051
5953 0.061
5954 0.064
5955 0.103
5956 0.050
5957 0.068
5958 0.084
5959 0.065
5960 0.037
5961 0.061
5962 0.110
5963 0.053
5964 0.058
5965 0.055
5966 0.068
5967 0.072
5968 0.060
5969 0.071
5970 0.075
5971 0.084
5972 0.055
5973 0.064
5974 0.057
5975 0.050
5976 0.055
5977 0.059
5978 0.074
5979 0.072
5980 0.043
5981 0.049
5982 0.057
5983 0.063
5984 0.063
5985 0.056
5986 0.087
5987 0.074
5988 0.059
5989 0.058
5990 0.089
5991 0.041
5992 0.056
5993 0.059
5994 0.065
5995 0.046
5996 0.060
5997 0.061
5998 0.058
5999 0.063
6000 0.056
6001 0.088
6002 0.380
6003 0.065
6004 0.060
6005 0.069
6006 0.071
6007 0.074
6008 0.104
6009 0.056
6010 0.069
6011 0.061
6012 0.052
6013 0.050
6014 0.067
6015 0.058
6016 0.093
6017 0.048
6018 0.071
6019 0.073
6020 0.077
6021 0.061
6022 0.057
6023 0.090
6024 0.067
6025 0.067
6026 0.048
6027 0.055
6028 0.065
6029 0.065
6030 0.052
6031 0.080
6032 0.053
6033 0.064
6034 0.075
6035 0.058
6036 0.070
6037 0.080
6038 0.048
6039 0.081
6040 0.056
6041 0.065
6042 0.065
6043 0.050
6044 0.062
6045 0.057
6046 0.091
6047 0.058
6048 0.070
6049 0.046
6050 0.065
6051 0.055
6052 0.066
6053 0.055
6054 0.076
6055 0.059
6056 0.099
6057 0.086
6058 0.073
6059 0.060
6060 0.073
6061 0.083
6062 0.055
6063 0.057
6064 0.055
6065 0.091
6066 0.057
6067 0.048
6068 0.061
6069 0.058
6070 0.056
6071 0.074
6072 0.071
6073 0.053
6074 0.067
6075 0.060
6076 0.057
6077 0.121
6078 0.055
6079 0.071
6080 0.059
6081 0.077
6082 0.065
6083 0.063
6084 0.045
6085 0.070
6086 0.063
6087 0.067
6088 0.058
6089 0.068
6090 0.066
6091 0.067
6092 0.058
6093 0.056
6094 0.055
6095 0.115
6096 0.053
6097 0.065
6098 0.057
6099 0.063
6100 0.066
6101 0.063
6102 0.070
6103 0.052
6104 0.074
6105 0.053
6106 0.067
6107 0.059
6108 0.115
6109 0.076
6110 0.045
6111 0.055
6112 0.087
6113 0.087
6114 0.109
6115 0.065
6116 0.069
6117 0.072
6118 0.069
6119 0.056
6120 0.063
6121 0.059
6122 0.070
6123 0.054
6124 0.055
6125 0.064
6126 0.067
6127 0.043
6128 0.048
6129 0.071
6130 0.064
6131 0.056
6132 0.057
6133 0.049
6134 0.065
6135 0.058
6136 0.055
6137 0.050
6138 0.063
6139 0.071
6140 0.053
6141 0.074
6142 0.071
6143 0.059
6144 0.124
6145 0.070
6146 0.092
6147 0.067
6148 0.057
6149 0.071
6150 0.059
6151 0.065
6152 0.055
6153 0.058
6154 0.064
6155 0.062
6156 0.055
6157 0.062
6158 0.066
6159 0.074
6160 0.066
6161 0.068
6162 0.069
6163 0.059
6164 0.055
6165 0.064
6166 0.091
6167 0.058
6168 0.058
6169 0.064
6170 0.090
6171 0.071
6172 0.056
6173 0.058
6174 0.060
6175 0.106
6176 0.080
6177 0.082
6178 0.072
6179 0.056
6180 0.067
6181 0.055
6182 0.074
6183 0.061
6184 0.068
6185 0.070
6186 0.064
6187 0.052
6188 0.067
6189 0.076
6190 0.071
6191 0.055
6192 0.054
6193 0.076
6194 0.062
6195 0.086
6196 0.061
6197 0.072
6198 0.059
6199 0.046
6200 0.059
6201 0.070
6202 0.065
6203 0.057
6204 0.069
6205 0.071
6206 0.110
6207 0.053
6208 0.051
6209 0.059
6210 0.048
6211 0.065
6212 0.056
6213 0.063
6214 0.062
6215 0.057
6216 0.058
6217 0.055
6218 0.066
6219 0.068
6220 0.076
6221 0.104
6222 0.047
6223 0.052
6224 0.075
6225 0.054
6226 0.043
6227 0.064
6228 0.056
6229 0.056
6230 0.055
6231 0.080
6232 0.078
6233 0.064
6234 0.054
6235 0.057
6236 0.048
6237 0.077
6238 0.062
6239 0.066
6240 0.071
6241 0.084
6242 0.067
6243 0.073
6244 0.060
6245 0.064
6246 0.081
6247 0.060
6248 0.043
6249 0.062
6250 0.071
6251 3.12
6252 0.057
6253 0.111
6254 0.070
6255 0.056
6256 0.059
6257 0.058
6258 0.059
6259 0.059
6260 0.071
6261 0.060
6262 0.067
6263 0.052
6264 0.119
6265 0.059
6266 0.053
6267 0.051
6268 0.054
6269 0.114
6270 0.089
6271 0.038
6272 0.068
6273 0.084
6274 0.059
6275 0.068
6276 0.063
6277 0.063
6278 0.058
6279 0.072
6280 0.055
6281 0.050
6282 0.049
6283 0.068
6284 0.063
6285 0.174
6286 0.062
6287 0.056
6288 0.079
6289 0.059
6290 0.061
6291 0.067
6292 0.058
6293 0.063
6294 0.053
6295 0.070
6296 0.054
6297 0.046
6298 0.048
6299 0.046
6300 0.077
6301 0.050
6302 0.053
6303 0.074
6304 0.073
6305 0.059
6306 0.050
6307 0.056
6308 0.056
6309 0.078
6310 0.122
6311 0.127
6312 0.058
6313 0.076
6314 0.106
6315 0.055
6316 0.048
6317 0.085
6318 0.073
6319 0.057
6320 0.077
6321 0.073
6322 0.063
6323 0.086
6324 0.072
6325 0.147
6326 0.077
6327 0.100
6328 0.049
6329 0.063
6330 0.049
6331 0.067
6332 0.058
6333 0.052
6334 0.053
6335 0.090
6336 0.042
6337 0.067
6338 0.102
6339 0.054
6340 0.055
6341 0.057
6342 0.065
6343 0.066
6344 0.063
6345 0.069
6346 0.061
6347 0.058
6348 0.087
6349 0.061
6350 0.060
6351 0.069
6352 0.072
6353 0.056
6354 0.059
6355 0.073
6356 0.059
6357 0.058
6358 0.063
6359 0.065
6360 0.065
6361 0.048
6362 0.040
6363 0.084
6364 0.051
6365 0.054
6366 0.086
6367 0.050
6368 0.061
6369 0.069
6370 0.074
6371 0.052
6372 0.085
6373 0.064
6374 0.057
6375 0.068
6376 0.064
6377 0.049
6378 0.071
6379 0.074
6380 0.065
6381 0.045
6382 0.088
6383 0.071
6384 0.060
6385 0.059
6386 0.049
6387 0.059
6388 0.076
6389 0.064
6390 0.061
6391 0.062
6392 0.066
6393 0.087
6394 0.064
6395 0.059
6396 0.065
6397 0.061
6398 0.067
6399 0.067
6400 0.049
6401 0.069
6402 0.061
6403 0.059
6404 0.059
6405 0.057
6406 0.089
6407 0.048
6408 0.056
6409 0.042
6410 0.053
6411 0.051
6412 0.056
6413 0.048
6414 0.071
6415 0.069
6416 0.098
6417 0.036
6418 0.081
6419 0.064
6420 0.064
6421 0.073
6422 0.050
6423 0.048
6424 0.065
6425 0.062
6426 0.097
6427 0.062
6428 0.072
6429 0.063
6430 0.064
6431 0.092
6432 0.070
6433 0.059
6434 0.053
6435 0.058
6436 0.050
6437 0.072
6438 0.050
6439 0.062
6440 0.050
6441 0.059
6442 0.049
6443 0.041
6444 0.065
6445 0.065
6446 0.060
6447 0.049
6448 0.051
6449 0.070
6450 0.077
6451 0.049
6452 0.050
6453 0.056
6454 0.053
6455 0.048
6456 0.057
6457 0.049
6458 0.054
6459 0.059
6460 0.049
6461 0.087
6462 0.062
6463 0.054
6464 0.078
6465 0.056
6466 0.071
6467 0.056
6468 0.052
6469 0.087
6470 0.068
6471 0.079
6472 0.063
6473 0.054
6474 0.083
6475 0.065
6476 0.063
6477 0.052
6478 0.059
6479 0.088
6480 0.050
6481 0.055
6482 0.060
6483 0.060
6484 0.064
6485 0.047
6486 0.038
6487 0.063
6488 0.055
6489 0.056
6490 0.079
6491 0.067
6492 0.114
6493 0.051
6494 0.052
6495 0.070
6496 0.062
6497 0.107
6498 0.063
6499 0.068
6500 0.060
6501 0.053
6502 0.061
6503 0.058
6504 0.057
6505 0.061
6506 0.060
6507 0.066
6508 0.068
6509 0.050
6510 0.050
6511 0.061
6512 0.085
6513 0.062
6514 0.061
6515 0.068
6516 0.059
6517 0.053
6518 0.078
6519 0.066
6520 0.059
6521 0.058
6522 0.079
6523 0.072
6524 0.101
6525 0.063
6526 0.058
6527 0.071
6528 0.058
6529 0.055
6530 0.059
6531 0.069
6532 0.044
6533 0.073
6534 0.064
6535 0.052
6536 0.093
6537 0.065
6538 0.055
6539 0.067
6540 0.056
6541 0.066
6542 0.057
6543 0.067
6544 0.078
6545 0.098
6546 0.071
6547 0.084
6548 0.069
6549 0.102
6550 0.070
6551 0.053
6552 0.078
6553 0.063
6554 0.064
6555 0.056
6556 0.074
6557 0.071
6558 0.058
6559 0.062
6560 0.061
6561 0.076
6562 0.055
6563 0.061
6564 0.076
6565 0.051
6566 0.060
6567 0.048
6568 0.053
6569 0.055
6570 0.058
6571 0.082
6572 0.064
6573 0.060
6574 0.053
6575 0.075
6576 0.071
6577 0.072
6578 0.069
6579 0.059
6580 0.061
6581 0.082
6582 0.091
6583 0.035
6584 0.071
6585 0.063
6586 0.073
6587 0.067
6588 0.069
6589 0.111
6590 0.065
6591 0.049
6592 0.050
6593 0.062
6594 0.071
6595 0.062
6596 0.051
6597 0.070
6598 0.050
6599 0.072
6600 0.046
6601 0.079
6602 0.052
6603 0.050
6604 0.097
6605 0.051
6606 0.073
6607 0.059
6608 0.046
6609 0.064
6610 0.106
6611 0.064
6612 0.059
6613 0.067
6614 0.055
6615 0.069
6616 0.066
6617 0.078
6618 0.067
6619 0.051
6620 0.067
6621 0.055
6622 0.047
6623 0.052
6624 0.054
6625 0.076
6626 0.060
6627 0.061
6628 0.061
6629 0.075
6630 0.059
6631 0.055
6632 0.071
6633 0.058
6634 0.064
6635 0.053
6636 0.061
6637 0.058
6638 0.080
6639 0.053
6640 0.056
6641 0.056
6642 0.056
6643 0.045
6644 0.056
6645 0.068
6646 0.065
6647 0.064
6648 0.055
6649 0.100
6650 0.065
6651 0.082
6652 0.078
6653 0.055
6654 0.064
6655 0.068
6656 0.063
6657 0.069
6658 0.080
6659 0.057
6660 0.061
6661 0.069
6662 0.098
6663 0.172
6664 0.071
6665 0.047
6666 0.037
6667 0.054
6668 0.050
6669 0.055
6670 0.072
6671 0.065
6672 0.067
6673 0.051
6674 0.052
6675 0.060
6676 0.070
6677 0.057
6678 0.071
6679 0.051
6680 0.078
6681 0.051
6682 0.069
6683 0.068
6684 0.060
6685 0.060
6686 0.065
6687 0.064
6688 0.052
6689 0.072
6690 0.050
6691 0.074
6692 0.058
6693 0.054
6694 0.064
6695 0.071
6696 0.054
6697 0.060
6698 0.048
6699 0.068
6700 0.078
6701 0.058
6702 0.046
6703 0.053
6704 0.068
6705 0.074
6706 0.064
6707 0.054
6708 0.081
6709 0.073
6710 0.056
6711 0.074
6712 0.055
6713 0.067
6714 0.058
6715 0.063
6716 0.058
6717 0.058
6718 0.058
6719 0.082
6720 0.072
6721 0.080
6722 2.78
6723 0.061
6724 0.060
6725 0.055
6726 0.067
6727 0.069
6728 0.049
6729 0.104
6730 0.090
6731 0.061
6732 0.055
6733 0.059
6734 0.089
6735 0.050
6736 0.048
6737 0.060
6738 0.057
6739 0.054
6740 0.050
6741 0.073
6742 0.061
6743 0.057
6744 0.057
6745 0.056
6746 0.054
6747 0.057
6748 0.058
6749 0.053
6750 0.076
6751 0.083
6752 0.063
6753 0.049
6754 0.084
6755 0.116
6756 0.058
6757 0.057
6758 0.046
6759 0.064
6760 0.062
6761 0.058
6762 0.073
6763 0.065
6764 0.059
6765 0.083
6766 0.081
6767 0.060
6768 0.052
6769 0.054
6770 0.079
6771 0.071
6772 0.059
6773 0.065
6774 0.066
6775 0.050
6776 0.061
6777 0.066
6778 0.079
6779 0.070
6780 0.065
6781 0.052
6782 0.075
6783 0.089
6784 0.059
6785 0.061
6786 0.081
6787 0.067
6788 0.061
6789 0.059
6790 0.066
6791 0.068
6792 0.051
6793 0.064
6794 0.051
6795 0.057
6796 0.046
6797 0.061
6798 0.062
6799 0.056
6800 0.057
6801 0.082
6802 0.065
6803 0.114
6804 0.049
6805 0.057
6806 0.069
6807 0.055
6808 0.076
6809 0.060
6810 0.060
6811 0.063
6812 0.059
6813 0.054
6814 0.060
6815 0.060
6816 0.073
6817 0.090
6818 0.090
6819 0.062
6820 0.068
6821 0.059
6822 0.069
6823 0.060
6824 0.079
6825 0.070
6826 0.123
6827 0.065
6828 0.065
6829 0.059
6830 0.061
6831 0.045
6832 0.051
6833 0.083
6834 0.057
6835 0.062
6836 0.056
6837 0.073
6838 0.116
6839 0.121
6840 0.052
6841 0.059
6842 0.041
6843 0.055
6844 0.069
6845 0.056
6846 0.055
6847 0.062
6848 0.038
6849 0.057
6850 0.053
6851 0.071
6852 0.066
6853 0.053
6854 0.043
6855 0.052
6856 0.038
6857 0.045
6858 0.082
6859 0.055
6860 0.059
6861 0.061
6862 0.059
6863 0.066
6864 0.063
6865 0.050
6866 0.055
6867 0.060
6868 0.042
6869 0.062
6870 0.044
6871 0.062
6872 0.066
6873 0.050
6874 0.075
6875 0.057
6876 0.078
6877 0.057
6878 0.055
6879 0.055
6880 0.083
6881 0.069
6882 0.110
6883 0.063
6884 0.067
6885 0.066
6886 0.057
6887 0.056
6888 0.058
6889 0.081
6890 0.058
6891 0.048
6892 0.068
6893 0.054
6894 0.058
6895 0.069
6896 0.087
6897 0.060
6898 0.057
6899 0.077
6900 0.073
6901 0.063
6902 0.062
6903 0.039
6904 0.056
6905 0.064
6906 0.060
6907 0.098
6908 0.065
6909 0.079
6910 0.048
6911 0.052
6912 0.058
6913 0.094
6914 0.062
6915 0.051
6916 0.047
6917 0.059
6918 0.064
6919 0.053
6920 0.068
6921 0.063
6922 0.048
6923 0.068
6924 0.056
6925 0.073
6926 0.066
6927 0.066
6928 0.058
6929 0.059
6930 0.053
6931 0.066
6932 0.068
6933 0.032
6934 0.073
6935 0.053
6936 0.067
6937 0.077
6938 0.072
6939 0.069
6940 0.058
6941 0.066
6942 0.059
6943 0.057
6944 0.057
6945 0.038
6946 0.072
6947 0.060
6948 0.059
6949 0.055
6950 0.052
6951 0.075
6952 0.074
6953 0.056
6954 0.085
6955 0.094
6956 0.058
6957 0.079
6958 0.057
6959 0.080
6960 0.052
6961 0.071
6962 0.063
6963 0.060
6964 0.061
6965 0.058
6966 0.074
6967 0.052
6968 0.091
6969 0.064
6970 0.060
6971 0.053
6972 0.054
6973 0.069
6974 0.058
6975 0.051
6976 0.063
6977 0.060
6978 0.075
6979 0.075
6980 0.064
6981 0.069
6982 0.047
6983 0.062
6984 0.074
6985 0.062
6986 0.063
6987 0.073
6988 0.055
6989 0.066
6990 0.050
6991 0.060
6992 0.053
6993 0.081
6994 0.099
6995 0.072
6996 0.107
6997 0.060
6998 0.054
6999 0.069
7000 0.087
7001 0.039
7002 0.051
7003 0.066
7004 0.054
7005 0.063
7006 0.086
7007 0.051
7008 0.066
7009 0.067
7010 0.061
7011 0.055
7012 0.057
7013 0.052
7014 0.052
7015 0.099
7016 0.089
7017 0.134
7018 0.067
7019 0.067
7020 0.060
7021 0.053
7022 0.070
7023 0.057
7024 0.068
7025 0.068
7026 0.058
7027 0.050
7028 0.057
7029 0.057
7030 0.056
7031 0.113
7032 0.054
7033 0.071
7034 0.075
7035 0.059
7036 0.057
7037 0.061
7038 0.076
7039 0.060
7040 0.065
7041 0.131
7042 0.079
7043 0.060
7044 0.061
7045 0.072
7046 0.075
7047 0.094
7048 0.069
7049 0.078
7050 0.066
7051 0.054
7052 0.058
7053 0.079
7054 0.113
7055 0.053
7056 0.049
7057 0.060
7058 0.061
7059 0.066
7060 0.059
7061 0.088
7062 0.062
7063 0.061
7064 0.069
7065 0.065
7066 0.057
7067 0.063
7068 0.065
7069 0.109
7070 0.156
7071 0.158
7072 0.120
7073 0.095
7074 0.130
7075 0.101
7076 0.134
7077 0.249
7078 0.151
7079 0.132
7080 0.205
7081 0.095
7082 0.098
7083 0.124
7084 0.091
7085 0.115
7086 0.108
7087 0.163
7088 0.072
7089 0.154
7090 0.155
7091 0.069
7092 0.141
7093 0.072
7094 0.079
7095 0.114
7096 0.127
7097 0.241
7098 0.141
7099 0.103
7100 0.108
7101 0.096
7102 0.167
7103 0.070
7104 0.060
7105 0.143
7106 0.128
7107 0.096
7108 0.133
7109 0.155
7110 0.167
7111 0.150
7112 0.092
7113 0.115
7114 0.151
7115 0.069
7116 0.115
7117 0.096
7118 0.125
7119 0.093
7120 0.156
7121 0.124
7122 0.123
7123 0.129
7124 0.106
7125 0.137
7126 0.144
7127 0.113
7128 0.108
7129 0.217
7130 0.115
7131 0.091
7132 0.191
7133 0.206
7134 0.165
7135 0.112
7136 0.098
7137 0.138
7138 0.147
7139 0.139
7140 0.079
7141 0.072
7142 0.104
7143 0.105
7144 0.082
7145 0.110
7146 0.097
7147 0.136
7148 0.125
7149 0.109
7150 0.123
7151 0.067
7152 0.102
7153 0.102
7154 0.157
7155 0.106
7156 0.113
7157 0.148
7158 0.104
7159 0.116
7160 0.107
7161 0.109
7162 0.103
7163 0.141
7164 0.100
7165 0.112
7166 0.143
7167 0.109
7168 0.102
7169 0.123
7170 0.115
7171 0.104
7172 0.124
7173 0.129
7174 0.104
7175 0.066
7176 0.055
7177 0.103
7178 0.135
7179 0.129
7180 0.117
7181 0.106
7182 0.109
7183 0.086
7184 0.128
7185 0.106
7186 0.217
7187 0.132
7188 0.110
7189 0.111
7190 0.108
7191 0.135
7192 0.136
7193 0.116
7194 0.170
7195 0.107
7196 0.125
7197 0.136
7198 0.131
7199 0.155
7200 0.101
7201 0.135
7202 0.122
7203 0.098
7204 0.108
7205 0.111
7206 0.127
7207 0.227
7208 0.123
7209 0.131
7210 0.144
7211 0.118
7212 0.132
7213 0.167
7214 0.118
7215 0.148
7216 0.125
7217 0.142
7218 0.113
7219 0.235
7220 0.107
7221 0.116
7222 0.110
7223 0.119
7224 0.201
7225 0.167
7226 0.118
7227 0.104
7228 0.122
7229 0.131
7230 0.145
7231 0.119
7232 0.181
7233 0.115
7234 0.163
7235 0.186
7236 0.157
7237 0.154
7238 0.100
7239 0.133
7240 0.105
7241 0.082
7242 0.119
7243 0.139
7244 0.126
7245 0.142
7246 0.156
7247 0.106
7248 0.105
7249 0.180
7250 0.147
7251 0.150
7252 0.165
7253 0.178
7254 0.171
7255 0.113
7256 0.108
7257 0.102
7258 0.105
7259 0.134
7260 0.113
7261 0.119
7262 0.105
7263 0.107
7264 0.132
7265 0.129
7266 0.112
7267 0.116
7268 0.070
7269 0.122
7270 0.083
7271 0.119
7272 0.157
7273 0.149
7274 0.106
7275 0.125
7276 0.124
7277 0.169
7278 0.116
7279 0.120
7280 0.130
7281 0.111
7282 0.144
7283 0.127
7284 0.106
7285 0.110
7286 0.159
7287 0.165
7288 0.116
7289 0.132
7290 0.131
7291 0.052
7292 0.160
7293 0.201
7294 0.085
7295 0.098
7296 0.172
7297 0.119
7298 0.192
7299 0.123
7300 0.170
7301 0.191
7302 0.139
7303 0.165
7304 0.104
7305 0.152
7306 0.158
7307 0.107
7308 0.134
7309 0.120
7310 0.099
7311 0.155
7312 0.103
7313 0.124
7314 0.111
7315 0.136
7316 0.201
7317 0.140
7318 0.162
7319 0.239
7320 0.095
7321 0.128
7322 0.147
7323 0.111
7324 0.137
7325 0.126
7326 0.101
7327 0.137
7328 0.218
7329 0.103
7330 0.099
7331 0.187
7332 0.135
7333 0.105
7334 0.149
7335 0.132
7336 0.119
7337 0.108
7338 0.098
7339 0.149
7340 0.125
7341 0.137
7342 0.066
7343 0.148
7344 0.143
7345 0.222
7346 0.123
7347 0.105
7348 0.232
7349 0.116
7350 0.065
7351 0.122
7352 0.116
7353 0.184
7354 0.100
7355 0.148
7356 0.148
7357 0.109
7358 0.144
7359 0.117
7360 0.063
7361 0.156
7362 0.282
7363 0.132
7364 0.124
7365 0.109
7366 0.063
7367 0.143
7368 0.117
7369 0.154
7370 0.113
7371 0.140
7372 0.116
7373 0.102
7374 0.092
7375 0.174
7376 0.110
7377 0.167
7378 0.152
7379 0.118
7380 0.288
7381 0.122
7382 0.109
7383 0.108
7384 0.087
7385 0.183
7386 0.114
7387 0.113
7388 0.275
7389 0.105
7390 0.101
7391 0.147
7392 0.118
7393 0.123
7394 0.142
7395 0.147
7396 0.168
7397 0.128
7398 0.115
7399 0.098
7400 0.136
7401 0.111
7402 0.124
7403 0.108
7404 0.145
7405 0.122
7406 0.225
7407 0.132
7408 0.143
7409 0.154
7410 0.147
7411 0.104
7412 0.142
7413 0.133
7414 0.142
7415 0.119
7416 0.111
7417 0.105
7418 0.109
7419 0.121
7420 0.127
7421 0.120
7422 0.075
7423 0.143
7424 0.167
7425 0.207
7426 0.209
7427 0.173
7428 0.106
7429 0.110
7430 0.119
7431 0.113
7432 0.149
7433 0.144
7434 0.108
7435 0.176
7436 0.127
7437 0.130
7438 0.107
7439 0.125
7440 0.221
7441 0.153
7442 0.091
7443 0.128
7444 0.134
7445 0.125
7446 0.099
7447 0.121
7448 0.178
7449 0.084
7450 0.103
7451 0.147
7452 0.131
7453 0.119
7454 0.175
7455 0.127
7456 0.123
7457 0.058
7458 0.132
7459 0.104
7460 0.158
7461 0.132
7462 0.142
7463 0.115
7464 0.102
7465 0.121
7466 0.107
7467 0.079
7468 0.129
7469 0.161
7470 0.100
7471 0.261
7472 0.121
7473 0.133
7474 0.123
7475 0.102
7476 0.133
7477 0.219
7478 0.115
7479 0.111
7480 0.122
7481 0.100
7482 0.115
7483 0.122
7484 0.099
7485 0.157
7486 0.128
7487 0.135
7488 0.113
7489 0.125
7490 0.104
7491 0.354
7492 0.141
7493 0.109
7494 0.104
7495 0.120
7496 0.128
7497 0.172
7498 0.225
7499 0.105
7500 0.113
7501 0.106
7502 0.105
7503 0.171
7504 0.118
7505 0.167
7506 0.117
7507 0.085
7508 0.190
7509 0.167
7510 0.130
7511 0.132
7512 0.207
7513 0.157
7514 0.130
7515 0.208
7516 0.160
7517 0.189
7518 0.110
7519 0.112
7520 0.176
7521 0.193
7522 0.139
7523 0.128
7524 0.237
7525 0.101
7526 0.109
7527 0.117
7528 0.154
7529 0.105
7530 0.108
7531 0.137
7532 0.144
7533 0.221
7534 0.110
7535 0.121
7536 0.136
7537 0.106
7538 0.250
7539 0.149
7540 0.123
7541 0.161
7542 0.136
7543 0.110
7544 0.113
7545 0.128
7546 0.220
7547 0.130
7548 0.106
7549 0.181
7550 0.112
7551 0.115
7552 0.178
7553 0.239
7554 0.120
7555 0.105
7556 0.163
7557 0.145
7558 0.111
7559 0.098
7560 0.132
7561 0.189
7562 0.085
7563 0.192
7564 0.115
7565 0.129
7566 0.135
7567 0.118
7568 0.097
7569 0.098
7570 0.095
7571 0.103
7572 0.078
7573 0.134
7574 0.110
7575 0.081
7576 0.072
7577 0.097
7578 0.072
7579 0.077
7580 0.058
7581 0.092
7582 0.099
7583 0.216
7584 0.162
7585 0.145
7586 0.099
7587 0.157
7588 0.119
7589 0.125
7590 0.083
7591 0.141
7592 0.120
7593 0.114
7594 0.142
7595 0.141
7596 0.131
7597 0.114
7598 0.129
7599 0.121
7600 0.121
7601 0.112
7602 0.148
7603 0.114
7604 0.100
7605 0.119
7606 0.125
7607 0.205
7608 0.185
7609 0.077
7610 0.141
7611 0.133
7612 0.193
7613 0.116
7614 0.171
7615 0.113
7616 0.144
7617 0.135
7618 0.192
7619 0.171
7620 0.117
7621 0.096
7622 0.124
7623 0.141
7624 0.097
7625 0.181
7626 0.095
7627 0.112
7628 0.138
7629 0.108
7630 0.097
7631 0.157
7632 0.195
7633 0.099
7634 0.117
7635 0.119
7636 0.110
7637 0.079
7638 0.126
7639 0.142
7640 0.101
7641 0.129
7642 0.141
7643 0.100
7644 0.108
7645 0.106
7646 0.138
7647 0.119
7648 0.185
7649 0.106
7650 0.133
7651 0.079
7652 0.160
7653 0.108
7654 0.137
7655 0.137
7656 0.155
7657 0.146
7658 0.150
7659 0.202
7660 0.141
7661 0.161
7662 0.114
7663 0.158
7664 0.139
7665 0.121
7666 0.134
7667 0.228
7668 0.115
7669 0.101
7670 0.102
7671 0.149
7672 0.152
7673 0.095
7674 0.107
7675 0.114
7676 0.250
7677 0.210
7678 0.126
7679 0.185
7680 0.143
7681 0.115
7682 0.119
7683 0.101
7684 0.119
7685 0.174
7686 0.138
7687 0.130
7688 0.097
7689 0.139
7690 0.126
7691 0.121
7692 0.151
7693 0.052
7694 0.104
7695 0.097
7696 0.152
7697 0.119
7698 0.120
7699 0.103
7700 0.108
7701 0.108
7702 0.117
7703 0.101
7704 0.116
7705 0.095
7706 0.111
7707 0.098
7708 0.227
7709 0.122
7710 0.216
7711 0.101
7712 0.116
7713 0.117
7714 0.147
7715 0.118
7716 0.098
7717 0.220
7718 0.158
7719 0.253
7720 0.145
7721 0.084
7722 0.173
7723 0.134
7724 0.119
7725 0.111
7726 0.106
7727 0.094
7728 0.123
7729 0.119
7730 0.137
7731 0.159
7732 0.109
7733 0.128
7734 0.081
7735 0.132
7736 0.147
7737 0.172
7738 0.091
7739 0.102
7740 0.116
7741 0.130
7742 0.162
7743 0.099
7744 0.174
7745 0.175
7746 0.098
7747 0.132
7748 0.152
7749 0.103
7750 0.148
7751 0.122
7752 0.137
7753 0.119
7754 0.110
7755 0.099
7756 0.139
7757 0.120
7758 0.111
7759 0.094
7760 0.114
7761 0.152
7762 0.109
7763 0.103
7764 0.104
7765 0.139
7766 0.167
7767 0.109
7768 0.115
7769 0.091
7770 0.149
7771 0.153
7772 0.137
7773 0.162
7774 0.101
7775 0.146
7776 0.130
7777 0.161
7778 0.161
7779 0.104
7780 0.115
7781 0.173
7782 0.144
7783 0.104
7784 0.113
7785 0.122
7786 0.218
7787 0.125
7788 0.108
7789 0.121
7790 0.107
7791 0.182
7792 0.145
7793 0.152
7794 0.098
7795 0.132
7796 0.158
7797 0.150
7798 0.139
7799 0.188
7800 0.107
7801 0.105
7802 0.113
7803 0.276
7804 0.144
7805 0.129
7806 0.062
7807 0.075
7808 0.181
7809 0.093
7810 0.080
7811 0.091
7812 0.147
7813 0.140
7814 0.133
7815 0.164
7816 0.126
7817 0.102
7818 0.123
7819 0.133
7820 0.137
7821 0.196
7822 0.120
7823 0.161
7824 0.122
7825 0.131
7826 0.113
7827 0.123
7828 0.118
7829 0.133
7830 0.157
7831 0.102
7832 0.186
7833 0.087
7834 0.101
7835 0.149
7836 0.105
7837 0.135
7838 0.170
7839 0.112
7840 0.135
7841 0.132
7842 0.099
7843 0.086
7844 0.104
7845 0.133
7846 0.114
7847 0.105
7848 0.254
7849 0.087
7850 0.118
7851 0.099
7852 0.136
7853 0.103
7854 0.174
7855 0.128
7856 0.071
7857 0.118
7858 0.186
7859 0.149
7860 0.114
7861 0.117
7862 0.101
7863 0.151
7864 0.159
7865 0.106
7866 0.103
7867 0.129
7868 0.066
7869 0.086
7870 0.119
7871 0.100
7872 0.136
7873 0.164
7874 0.117
7875 0.149
7876 0.161
7877 0.110
7878 0.171
7879 0.119
7880 0.075
7881 0.174
7882 0.079
7883 0.098
7884 0.105
7885 0.140
7886 0.142
7887 0.156
7888 0.133
7889 0.136
7890 0.170
7891 0.222
7892 0.071
7893 0.145
7894 0.136
7895 0.086
7896 0.063
7897 0.126
7898 0.154
7899 0.073
7900 0.184
7901 0.089
7902 0.136
7903 0.119
7904 0.105
7905 0.134
7906 0.126
7907 0.060
7908 0.113
7909 0.100
7910 0.144
7911 0.125
7912 0.133
7913 0.118
7914 0.118
7915 0.081
7916 0.157
7917 0.084
7918 0.141
7919 0.098
7920 0.356
7921 0.130
7922 0.130
7923 0.118
7924 0.123
7925 0.137
7926 0.170
7927 0.162
7928 0.241
7929 0.139
7930 0.142
7931 0.267
7932 0.159
7933 0.204
7934 0.099
7935 0.112
7936 0.148
7937 0.125
7938 0.131
7939 0.107
7940 0.108
7941 0.115
7942 0.109
7943 0.103
7944 0.106
7945 0.112
7946 0.134
7947 0.106
7948 0.147
7949 0.144
7950 0.124
7951 0.104
7952 0.154
7953 0.120
7954 0.131
7955 0.109
7956 0.107
7957 0.194
7958 0.142
7959 0.190
7960 0.172
7961 0.081
7962 0.109
7963 0.137
7964 0.136
7965 0.225
7966 0.167
7967 0.144
7968 0.101
7969 0.126
7970 0.074
7971 0.130
7972 0.158
7973 0.111
7974 0.159
7975 0.148
7976 0.141
7977 0.129
7978 0.076
7979 0.213
7980 0.106
7981 0.103
7982 0.151
7983 0.149
7984 0.104
7985 0.117
7986 0.110
7987 0.133
7988 0.152
7989 0.143
7990 0.111
7991 4.28
7992 0.145
7993 0.184
7994 0.292
7995 0.119
7996 0.168
7997 0.099
7998 0.144
7999 0.111
8000 0.079
8001 0.215
8002 0.139
8003 0.180
8004 0.097
8005 0.185
8006 0.259
8007 0.082
8008 0.138
8009 0.101
8010 0.095
8011 0.110
8012 0.160
8013 0.126
8014 0.110
8015 0.098
8016 0.127
8017 0.103
8018 0.082
8019 0.101
8020 0.201
8021 0.069
8022 0.121
8023 0.079
8024 0.105
8025 0.132
8026 0.129
8027 0.096
8028 0.101
8029 0.120
8030 0.125
8031 0.122
8032 0.136
8033 0.101
8034 0.148
8035 0.121
8036 0.174
8037 0.121
8038 0.114
8039 0.173
8040 0.125
8041 0.143
8042 0.100
8043 0.105
8044 0.124
8045 0.124
8046 0.191
8047 0.209
8048 0.123
8049 0.126
8050 0.151
8051 0.156
8052 0.129
8053 0.106
8054 0.167
8055 0.113
8056 0.107
8057 0.139
8058 0.115
8059 0.143
8060 0.105
8061 0.105
8062 0.077
8063 0.106
8064 0.121
8065 0.088
8066 0.121
8067 0.122
8068 0.144
8069 0.133
8070 0.106
8071 0.066
8072 0.170
8073 0.119
8074 0.061
8075 0.291
8076 0.127
8077 0.115
8078 0.273
8079 0.132
8080 0.221
8081 0.100
8082 0.101
8083 0.129
8084 0.144
8085 0.185
8086 0.127
8087 0.145
8088 0.108
8089 0.099
8090 0.111
8091 0.144
8092 0.125
8093 0.166
8094 0.132
8095 0.201
8096 0.099
8097 0.126
8098 0.100
8099 0.270
8100 0.150
8101 0.084
8102 0.104
8103 0.159
8104 0.130
8105 0.143
8106 0.153
8107 0.119
8108 0.104
8109 0.142
8110 0.091
8111 0.131
8112 0.076
8113 0.146
8114 0.105
8115 0.103
8116 0.177
8117 0.158
8118 0.137
8119 0.119
8120 0.120
8121 0.147
8122 0.110
8123 0.123
8124 0.129
8125 0.149
8126 0.080
8127 0.105
8128 0.109
8129 0.131
8130 0.130
8131 0.162
8132 0.194
8133 0.214
8134 0.122
8135 0.097
8136 0.130
8137 0.159
8138 0.112
8139 0.301
8140 0.100
8141 0.104
8142 0.107
8143 0.123
8144 0.098
8145 0.117
8146 0.138
8147 0.104
8148 0.095
8149 0.281
8150 0.178
8151 0.220
8152 0.116
8153 0.105
8154 0.101
8155 0.098
8156 0.133
8157 0.182
8158 0.152
8159 0.140
8160 0.130
8161 0.119
8162 0.146
8163 0.126
8164 0.131
8165 0.073
8166 0.077
8167 0.108
8168 0.104
8169 0.100
8170 0.126
8171 0.162
8172 0.135
8173 0.124
8174 0.104
8175 0.134
8176 0.119
8177 0.124
8178 0.127
8179 0.213
8180 0.116
8181 0.101
8182 0.130
8183 0.224
8184 0.107
8185 0.131
8186 0.108
8187 0.145
8188 0.103
8189 0.097
8190 0.140
8191 0.065
8192 0.108
8193 0.102
8194 0.136
8195 0.133
8196 0.132
8197 0.140
8198 0.159
8199 0.138
8200 0.119
8201 0.105
8202 0.167
8203 0.107
8204 0.102
8205 0.118
8206 0.165
8207 0.163
8208 0.104
8209 0.090
8210 0.097
8211 0.152
8212 0.247
8213 0.108
8214 0.107
8215 0.233
8216 0.137
8217 0.124
8218 0.276
8219 0.140
8220 0.103
8221 0.150
8222 0.198
8223 0.217
8224 0.084
8225 0.130
8226 0.297
8227 0.098
8228 0.137
8229 0.144
8230 0.127
8231 0.118
8232 0.120
8233 0.204
8234 0.141
8235 0.214
8236 0.095
8237 0.068
8238 0.115
8239 0.144
8240 0.128
8241 0.141
8242 0.109
8243 0.077
8244 0.103
8245 0.076
8246 0.094
8247 0.113
8248 0.128
8249 0.145
8250 0.120
8251 0.101
8252 0.108
8253 0.111
8254 0.081
8255 0.127
8256 0.211
8257 0.109
8258 0.173
8259 0.079
8260 0.108
8261 0.141
8262 0.111
8263 0.232
8264 0.146
8265 0.101
8266 0.150
8267 0.134
8268 0.084
8269 0.122
8270 0.125
8271 0.165
8272 0.097
8273 0.155
8274 0.105
8275 0.205
8276 0.137
8277 0.103
8278 0.098
8279 0.097
8280 0.107
8281 0.165
8282 0.168
8283 0.218
8284 0.132
8285 0.136
8286 0.152
8287 0.110
8288 0.141
8289 0.253
8290 0.134
8291 0.136
8292 0.111
8293 0.141
8294 0.089
8295 0.105
8296 0.115
8297 0.242
8298 0.125
8299 0.150
8300 0.078
8301 0.115
8302 0.061
8303 0.115
8304 0.129
8305 0.133
8306 0.106
8307 0.158
8308 0.242
8309 0.099
8310 0.385
8311 0.139
8312 0.130
8313 0.098
8314 0.107
8315 0.099
8316 0.116
8317 0.100
8318 0.190
8319 0.237
8320 0.104
8321 0.163
8322 0.432
8323 0.104
8324 0.158
8325 0.135
8326 0.103
8327 0.157
8328 0.127
8329 0.072
8330 0.152
8331 0.121
8332 0.143
8333 0.142
8334 0.119
8335 0.167
8336 0.093
8337 0.098
8338 0.139
8339 0.291
8340 0.095
8341 0.121
8342 0.132
8343 0.193
8344 0.125
8345 0.078
8346 0.132
8347 0.088
8348 0.116
8349 0.085
8350 0.081
8351 0.092
8352 0.131
8353 0.145
8354 0.134
8355 0.193
8356 0.103
8357 0.107
8358 0.154
8359 0.122
8360 0.101
8361 0.205
8362 0.108
8363 0.133
8364 0.139
8365 0.097
8366 0.135
8367 0.090
8368 0.238
8369 0.187
8370 0.129
8371 0.110
8372 0.102
8373 0.119
8374 0.139
8375 0.126
8376 0.124
8377 0.154
8378 0.167
8379 0.114
8380 0.105
8381 0.137
8382 0.114
8383 0.110
8384 0.156
8385 0.187
8386 0.083
8387 0.092
8388 0.121
8389 0.103
8390 0.116
8391 0.110
8392 0.078
8393 0.121
8394 0.116
8395 0.112
8396 0.129
8397 0.085
8398 0.127
8399 0.085
8400 0.100
8401 0.132
8402 0.070
8403 0.127
8404 0.131
8405 0.151
8406 0.160
8407 0.135
8408 0.125
8409 0.148
8410 0.132
8411 0.137
8412 0.123
8413 0.176
8414 0.097
8415 0.095
8416 0.107
8417 0.125
8418 0.070
8419 0.123
8420 0.131
8421 0.144
8422 0.109
8423 0.123
8424 0.194
8425 0.159
8426 0.329
8427 0.187
8428 0.143
8429 0.174
8430 0.178
8431 0.140
8432 0.106
8433 0.151
8434 0.128
8435 0.092
8436 0.141
8437 0.082
8438 0.243
8439 0.103
8440 0.110
8441 0.133
8442 0.077
8443 0.141
8444 0.061
8445 0.104
8446 0.288
8447 0.285
8448 0.117
8449 0.118
8450 0.119
8451 0.135
8452 0.077
8453 0.113
8454 0.082
8455 0.151
8456 0.106
8457 0.134
8458 0.216
8459 0.173
8460 0.102
8461 0.139
8462 0.133
8463 0.102
8464 0.241
8465 0.112
8466 0.073
8467 0.082
8468 0.152
8469 0.191
8470 0.101
8471 0.104
8472 0.124
8473 0.105
8474 0.104
8475 0.111
8476 0.122
8477 0.098
8478 0.198
8479 0.148
8480 0.116
8481 0.121
8482 0.071
8483 0.104
8484 0.118
8485 0.105
8486 0.153
8487 0.174
8488 0.142
8489 0.098
8490 0.087
8491 0.125
8492 0.104
8493 0.135
8494 0.149
8495 0.112
8496 0.099
8497 0.092
8498 0.108
8499 0.104
8500 0.183
8501 0.104
8502 0.161
8503 0.133
8504 0.129
8505 0.136
8506 0.102
8507 0.122
8508 0.100
8509 0.120
8510 0.128
8511 0.137
8512 0.121
8513 0.124
8514 0.091
8515 0.108
8516 0.085
8517 0.135
8518 0.150
8519 0.107
8520 0.132
8521 0.145
8522 0.096
8523 0.109
8524 0.098
8525 0.134
8526 0.069
8527 0.114
8528 0.116
8529 0.136
8530 0.143
8531 0.107
8532 0.111
8533 0.131
8534 0.083
8535 0.154
8536 0.117
8537 0.104
8538 0.100
8539 0.149
8540 0.121
8541 0.065
8542 0.115
8543 0.097
8544 0.108
8545 0.127
8546 0.141
8547 0.121
8548 0.116
8549 0.080
8550 0.134
8551 0.107
8552 0.079
8553 0.152
8554 0.116
8555 0.142
8556 0.104
8557 0.139
8558 0.086
8559 0.085
8560 0.140
8561 0.101
8562 0.116
8563 0.139
8564 0.111
8565 0.067
8566 0.133
8567 0.111
8568 0.115
8569 0.091
8570 0.116
8571 0.135
8572 0.090
8573 0.118
8574 0.136
8575 0.108
8576 0.100
8577 0.104
8578 0.126
8579 0.128
8580 0.122
8581 0.158
8582 0.217
8583 0.141
8584 0.127
8585 0.130
8586 0.139
8587 0.128
8588 0.120
8589 0.146
8590 0.116
8591 0.119
8592 0.106
8593 0.115
8594 0.097
8595 0.096
8596 0.096
8597 0.227
8598 0.108
8599 0.110
8600 0.164
8601 0.115
8602 0.185
8603 0.112
8604 0.113
8605 0.130
8606 0.208
8607 0.159
8608 0.116
8609 0.130
8610 0.144
8611 0.192
8612 0.108
8613 0.136
8614 0.122
8615 0.116
8616 0.094
8617 0.139
8618 0.141
8619 0.083
8620 0.135
8621 0.133
8622 0.158
8623 0.204
8624 0.184
8625 0.125
8626 0.098
8627 0.136
8628 0.108
8629 0.106
8630 0.160
8631 0.380
8632 0.116
8633 0.101
8634 0.115
8635 0.167
8636 0.136
8637 0.120
8638 0.123
8639 0.202
8640 0.111
8641 0.091
8642 0.160
8643 0.079
8644 0.132
8645 0.145
8646 0.112
8647 0.188
8648 0.125
8649 0.112
8650 0.091
8651 0.172
8652 0.094
8653 0.120
8654 0.132
8655 2.29
8656 0.147
8657 0.088
8658 0.122
8659 0.146
8660 0.112
8661 0.104
8662 0.138
8663 0.190
8664 0.112
8665 0.102
8666 0.072
8667 0.088
8668 0.130
8669 0.165
8670 0.157
8671 0.123
8672 0.104
8673 0.105
8674 0.101
8675 0.121
8676 0.100
8677 0.100
8678 0.174
8679 0.135
8680 0.130
8681 0.115
8682 0.121
8683 0.298
8684 0.108
8685 0.069
8686 0.130
8687 0.101
8688 0.137
8689 0.180
8690 0.150
8691 0.099
8692 0.146
8693 0.109
8694 0.123
8695 0.103
8696 0.165
8697 0.119
8698 0.107
8699 0.138
8700 0.161
8701 0.123
8702 0.111
8703 0.140
8704 0.112
8705 0.091
8706 0.111
8707 0.069
8708 0.112
8709 0.122
8710 0.111
8711 0.129
8712 0.147
8713 0.121
8714 0.086
8715 0.112
8716 0.090
8717 0.113
8718 0.124
8719 0.155
8720 0.196
8721 0.065
8722 0.118
8723 0.145
8724 0.121
8725 0.106
8726 0.141
8727 0.191
8728 0.145
8729 0.136
8730 0.123
8731 0.082
8732 0.242
8733 0.145
8734 0.099
8735 0.103
Average RTT: 0.0843398969662277 ms
